vec
7.0692425131590735
7.1083105175837105
7.254162773924109
7.455570362305825
7.47465959236448
7.504879667156491
7.540497325661159
7.566958880703668
7.583287408352952
7.604109375069799
7.621742033936796
7.633375242987271
7.645894778431909
7.653686480596056
7.658051894449198
7.657222877899886
7.646509737365713
7.64002779552141
7.624547529556637
7.612874829653595
7.615254645797928
7.6270225811703725
7.582897689977959
7.536353686165217
7.488431830499518
7.449151523196885
7.41025628373255
7.388567792838332
7.381192788015343
7.408645723622877
7.413982553793655
7.47874046622092
7.567382762317895
7.619607579641508
7.637343358154613
7.643308637559375
7.648252862266636
7.652777055941369
7.65661854490717
7.660422029986127
7.666324855857308
7.671972558499974
7.678138924641413
7.6757211950207545
7.649919332519213
7.603524253011859
7.550480772393369
7.5110421248555905
7.506062355348057
7.533225993012915
7.487371187900792
