vec
7.790364539439237
7.815521563974906
7.856920564041763
7.875351726262059
7.876748740369202
7.877340935563842
7.877541217191419
7.877830362254292
7.877793421343208
7.877440647792011
7.877803699323362
7.8777660512961045
7.877949999140327
7.877877560416311
7.878105665081415
7.878050531542597
7.878463628668385
7.87885976407037
7.8795027912132145
7.8799289037588585
7.88015818297281
7.879592507363717
7.876389505729105
7.8730057320036515
7.8706693640833825
7.868987998162177
7.867837300087398
7.866796318642139
7.866686583776374
7.866609510476439
7.867025747906796
7.872244242234024
7.877016965072803
7.879185401246772
7.879717661217313
7.879638259918211
7.878963060983625
7.87748263273288
7.875878039389889
7.875074073533782
7.876110631024402
7.877661638224689
7.8794033759162065
7.879842399498027
7.879607338239243
7.879379599984826
7.8799410917012125
7.88050368297691
7.880515806620269
7.881061340250328
7.879563289627974
