vec
1.86606590594254
2.0430352295489707
2.576940634064926
3.3595698975715855
3.454465900664192
3.5955373729790336
3.7455741772315765
3.889849697539581
4.033387781172836
4.129489592549892
4.226752576779372
4.294097039221876
4.366469046271019
4.410657079991829
4.429095789118071
4.44148822514335
4.445176625533934
4.44095463379291
4.438875468106214
4.403381044279997
4.375495319409417
4.32762083376496
4.221268301306635
4.089494252511709
3.9458499883799303
3.8091789287381492
3.6968652430241136
3.6618736296685466
3.669001296794116
3.7060440118017173
3.701063976238724
3.8207089603738202
3.953496244355356
3.9752885755852017
3.9127917025693213
3.8445232561478204
3.835458754203559
3.78887207066866
3.7577002984672645
3.7112990948472304
3.668375937105065
3.6366020388675264
3.5776247575390543
3.513349795298874
3.4476104665138623
3.3875908990795374
3.2933042177183705
3.200195663664116
3.068777811455702
2.875070563086494
2.3805764103857205
