vec
7.878186348067617
7.878299658673075
7.878137709214608
7.877920023119444
7.8779360437421175
7.877775695929212
7.877755916200343
7.878227010809056
7.877959706859263
7.877733247759915
7.878104284263179
7.87833320120531
7.8781893434626635
7.877984509288491
7.8780738153522
7.877937394244056
7.877935676848995
7.878210479184183
7.878305724697281
7.87818901851671
7.878010004479786
7.877975958225728
7.878118783241452
7.878057274758058
7.878157251871327
7.8782767854997475
7.878236398342785
7.878066146409887
7.87798674567202
7.8780567431092035
7.877982399522658
7.878258254934937
7.878148099757176
7.878011105872263
7.87771378569673
7.878043259637373
7.877992161417795
7.87821240138097
7.877951973182693
7.878023363857679
7.877985898389433
7.87782351749229
7.877824058734456
7.878195290718688
7.878118419779422
7.878030558255777
7.877818662697509
7.8781441210168985
7.877992841995097
7.878111675261243
7.878165950094299
