vec
7.868932016390046
7.8691291066466444
7.869075100648214
7.869041135244949
7.869647949539588
7.870519867549623
7.870917151509584
7.870482237122261
7.871147133785309
7.870960882773245
7.871231381400308
7.872014205225264
7.871878339698099
7.8728729322391
7.8728773621403985
7.871918915122388
7.872220672072563
7.872718307011312
7.872540128239546
7.872836711410422
7.873118691537072
7.8736942601634965
7.873417705468369
7.872984245732514
7.873567702258547
7.873745876335445
7.87329587555751
7.873355293954804
7.8733288334067195
7.873169319189744
7.873124644446185
7.87308386931438
7.872961521566545
7.872878140233012
7.872444980674908
7.872734275200088
7.872230882249986
7.871855196591212
7.8715456742762875
7.871643391238652
7.871013147150015
7.870790768014105
7.870706073167017
7.8699648316338084
7.870217750264642
7.869682561039241
7.87006961473627
7.870142435358025
7.870096399728158
7.870066957987933
7.87006595188967
