vec
6.872988726297773
7.022692083391268
7.39704097817764
7.683236182029887
7.700112069384912
7.722623422765299
7.740682983119161
7.7485143758577655
7.754427654491018
7.754564952096351
7.755460950093347
7.761612485606638
7.765046023382165
7.768610640167072
7.768630270189666
7.771883851456313
7.776961658261166
7.786929012465464
7.79887745859045
7.810612865214781
7.817641887904507
7.810851005070708
7.76760144203506
7.718974700993834
7.680828178294277
7.646609382924353
7.609399978698228
7.580658307289046
7.564998741445127
7.568394395548754
7.585090470623036
7.658562555823413
7.7409649097524635
7.787170708391386
7.804733004784974
7.810478566776857
7.798728399042137
7.7689040546129515
7.733248390953305
7.709445733718654
7.721340778860769
7.76180606118066
7.798411310991311
7.813270138792855
7.805472988582645
7.7997615164459395
7.811046630550024
7.825095179304955
7.83072990542434
7.8392827578946545
7.7008689421684124
