vec
7.8239266294330765
7.825798053261881
7.837134964738107
7.85097091519544
7.855183622568141
7.857181421348907
7.8587351671395425
7.860851930225014
7.861546429174082
7.863197496808528
7.8648287488759046
7.86553661273523
7.865856223204474
7.8674183643444655
7.867039536550772
7.868048394408945
7.868077907634064
7.867456499533329
7.867025357233134
7.8661745702408385
7.866562349474607
7.866454141925678
7.8630334217045945
7.859955743543893
7.85658578647709
7.851896147269377
7.849690103686347
7.847243940902294
7.847529343909837
7.848022146908566
7.847454346618535
7.85382913360437
7.859902897449707
7.864398418511748
7.865046016604296
7.866755916089986
7.867235925726949
7.867118631931465
7.868190956700005
7.867938647689954
7.86869229612612
7.869277264988959
7.869714124483672
7.869363578680366
7.867909228886815
7.866561369644966
7.86294503958989
7.861881834574584
7.861523131076788
7.863667679253712
7.857855122768852
