vec
7.881320988353593
7.881390020553976
7.8813545882058955
7.881421566323178
7.8813061177180845
7.8813905511497815
7.881462467749694
7.881332332821195
7.881403290457871
7.881440187446299
7.881395053315094
7.881389108307921
7.881379744237229
7.881469784384349
7.88137385815528
7.8813977367394354
7.8814512960980325
7.881450877318951
7.881406950723171
7.881436053738359
7.881392721164809
7.88135128513816
7.881392131360435
7.881296699566759
7.88141582111219
7.881391077489309
7.881396040435535
7.881515911476911
7.881391544281204
7.881336729413491
7.881417318777327
7.88140025585352
7.881460947237362
7.881367484134598
7.881363335600915
7.881337149616002
7.881372431013906
7.881392469191995
7.88134858925679
7.881411847762196
7.881489542881659
7.88142244646019
7.881391987447388
7.88139943575885
7.881444893745627
7.881431979528379
7.881396032502101
7.881412450741328
7.881440243118224
7.881450143775044
7.88142483945989
