vec
7.386418145013523
7.375138761124003
7.368081111884065
7.356200263577703
7.41224034157861
7.415909622011529
7.428015973421622
7.44078601232135
7.447908957681186
7.467192954894005
7.482858039292247
7.50821757345104
7.526944146193891
7.546761932505413
7.572352430652706
7.538565093926492
7.551236082218789
7.558428951260232
7.570163141322109
7.586472099394599
7.585646576880519
7.590225249950231
7.596557573461953
7.601500492898936
7.606123884818843
7.603132267125526
7.603906253430204
7.600477792660255
7.598416042802213
7.593717053046194
7.583832608629245
7.583796886041226
7.581304291566806
7.57201612076839
7.563419026744797
7.55388524601158
7.537665106118159
7.527043832667216
7.507737284504917
7.49250283424224
7.4742558325162864
7.4533671688151575
7.443292663060472
7.426462101612558
7.414672965182461
7.408778979803485
7.3988148450606275
7.395270061173377
7.397043431214931
7.40434075908531
7.413899790684567
