vec
7.880997952291645
7.880973749082016
7.8810078115319495
7.881165132952232
7.8812448908834805
7.881227928198099
7.881244698007607
7.881276557356044
7.881290983314601
7.881352474450917
7.881313664231383
7.881326067633912
7.8812809087319895
7.881372554892895
7.8813275943725625
7.881335738454679
7.881342231186783
7.88132186222387
7.881377903188007
7.881326709288526
7.881334348137048
7.881341685425607
7.881278532038928
7.881268928096624
7.881167666135076
7.88122383108948
7.881256349025945
7.8812503480695915
7.881173146516613
7.881157046089079
7.881166665569876
7.881187558337315
7.881330506861819
7.881350811674597
7.881205316544961
7.881245163339079
7.8813338277011935
7.88130097882413
7.881303370152362
7.881331976491333
7.881212591188103
7.881362643244952
7.881257878206891
7.881348365988529
7.881299528254923
7.8813412301148125
7.88132215038372
7.881304639425406
7.881346096501201
7.8813758823538045
7.881267244060757
