vec
3.040848096094576
3.271297362752346
3.8980031749651753
4.693732311564877
4.694310303869178
4.848401826649167
5.014387357163023
5.146899394533385
5.233203358285136
5.340831105013893
5.409357979801123
5.441103175480623
5.502358275522408
5.527094972048626
5.497973035603388
5.479533238702718
5.413215134309842
5.310473524230095
5.201192329252457
5.051433573386057
5.082074573434186
5.249373295717926
5.164772518197111
5.03222007866246
4.88180889649995
4.739122648153991
4.670193955256121
4.628319898554423
4.645485839046383
4.7307022600952155
4.615151180242288
4.775663801794254
5.050921290390227
5.171649941055861
5.170868271854868
5.173178808371657
5.2040482350625625
5.240403805400875
5.219035240248452
5.2048888234704656
5.185652453245848
5.17264141610773
5.157557355414647
5.095383531347359
4.959418054811015
4.7430149546533675
4.547129090023238
4.352579980159106
4.181112022661582
4.053485629722296
3.8877180820287096
