vec
3.9049619061961502
3.8037411964999723
3.7290957194691114
3.65512804445417
4.065860470644585
4.130522530601965
4.206913810220275
4.287499888550914
4.365867581646691
4.493477166489752
4.627240147505342
4.765769503748942
4.910151612922804
5.054874886401951
5.185930531262561
4.931879584678093
4.987432357420419
5.0512160561334
5.134192771702007
5.2231560633276
5.257564829281385
5.2727346122268415
5.294744808322425
5.311636062498378
5.326163340886458
5.3284395503653394
5.322483275961648
5.303376002723159
5.27769907332166
5.242124330050478
5.209339589725516
5.198862262481869
5.185721926302706
5.157720057663134
5.101266594858518
5.044100594619091
4.957116671554795
4.863239542869598
4.761490820392996
4.643231906304854
4.525437841219538
4.395041628408146
4.289616418937142
4.184955329150611
4.086319479561675
4.02798809990116
3.969143607150037
3.9570858545580796
3.9626866635806124
3.997313630493114
4.052362978072934
