vec
0.0
0.00042483660130718953
0.00038712921065862244
0.0003821015585721468
0.00037078934137757666
0.00040346907993966816
0.000353192559074912
0.000353192559074912
0.00040472599296128707
0.00038838612368024135
0.0003770739064856712
0.00040095525389643034
0.0003506787330316742
0.000379587732528909
0.000379587732528909
0.00035696329813976875
0.00036701860231272
0.00036324786324786325
0.00037078934137757666
0.00035570638511814984
0.0003846153846153846
0.0003355957767722474
0.000392156862745098
0.0003607340372046254
0.00039718451483157366
0.00036324786324786325
0.00035570638511814984
0.0004122674710910005
0.0003908999497234791
0.00036576168929110107
0.0004072398190045249
0.0003996983408748115
0.0003846153846153846
0.000392156862745098
0.0003846153846153846
0.00036953242835595775
0.0003594771241830065
0.0004311211664152841
0.0004084967320261438
0.00038712921065862244
0.0004084967320261438
0.0003594771241830065
0.0003682755153343389
0.0004122674710910005
0.0003808446455505279
0.00036701860231272
0.00040346907993966816
0.0003996983408748115
0.0003733031674208145
0.00038964303670186026
0.00037078934137757666
0.0003808446455505279
0.0004084967320261438
0.0
0.00040472599296128707
0.0004122674710910005
0.00036199095022624434
0.0004084967320261438
0.0004122674710910005
0.0004436902966314731
0.0003758169934640523
0.00037204625439919557
0.00038838612368024135
0.0003469079939668175
0.00035444947209653093
0.0003506787330316742
0.0003481649069884364
0.0003456510809451986
0.0003469079939668175
0.0003846153846153846
0.0004147812971342383
0.00037078934137757666
0.00039592760180995475
0.00036701860231272
0.0003833584715937657
0.00037078934137757666
0.00036450477626948216
0.00040346907993966816
0.00039592760180995475
0.000353192559074912
0.00035444947209653093
0.00036450477626948216
0.0003733031674208145
0.0003682755153343389
0.00036701860231272
0.0003770739064856712
0.0003783308195072901
0.00036701860231272
0.0004147812971342383
0.0004072398190045249
0.00039341377576671693
0.00035444947209653093
0.000379587732528909
0.00039341377576671693
0.000392156862745098
0.0003833584715937657
0.0003733031674208145
0.0003355957767722474
0.00037078934137757666
0.000392156862745098
0.0003908999497234791
0.00036701860231272
0.00039341377576671693
0.0003808446455505279
0.0003519356460532931
0.00033936651583710406
0.0
0.0004147812971342383
0.0004147812971342383
0.0003833584715937657
0.0003846153846153846
0.00039592760180995475
0.0004084967320261438
0.00038712921065862244
0.0003682755153343389
0.0003821015585721468
0.00038712921065862244
0.0003607340372046254
0.00036450477626948216
0.00035444947209653093
0.0004160382101558572
0.000353192559074912
0.0003996983408748115
0.000392156862745098
0.00035444947209653093
0.0003494218200100553
0.0003770739064856712
0.0003607340372046254
0.00038838612368024135
0.0003682755153343389
0.0003506787330316742
0.0003808446455505279
0.0003758169934640523
0.00036199095022624434
0.00036324786324786325
0.00037078934137757666
0.00037204625439919557
0.00043489190548014076
0.00038712921065862244
0.0003770739064856712
0.00038838612368024135
0.00038712921065862244
0.00036953242835595775
0.00038712921065862244
0.0003846153846153846
0.0003984414278531926
0.0003783308195072901
0.000392156862745098
0.00038712921065862244
0.00036324786324786325
0.0003908999497234791
0.0003745600804424334
0.0003846153846153846
0.00036450477626948216
0.00038838612368024135
0.0003745600804424334
0.00036199095022624434
0.00036701860231272
0.0003519356460532931
0.0
0.0003858722976370035
0.0004110105580693816
0.00036324786324786325
0.0004084967320261438
0.00037204625439919557
0.0003758169934640523
0.0003808446455505279
0.00036953242835595775
0.00033182503770739065
0.0004147812971342383
0.0003443941679235797
0.0003506787330316742
0.0003431372549019608
0.00036199095022624434
0.0003519356460532931
0.00039341377576671693
0.0003519356460532931
0.0003217697335344394
0.00036701860231272
0.00036199095022624434
0.0003519356460532931
0.0003280542986425339
0.00036199095022624434
0.00040346907993966816
0.00039592760180995475
0.00037204625439919557
0.0003770739064856712
0.00036199095022624434
0.0003682755153343389
0.00036953242835595775
0.00031548516842634487
0.00039467068878833584
0.00037078934137757666
0.0003996983408748115
0.0003821015585721468
0.00035444947209653093
0.00037078934137757666
0.0003758169934640523
0.0003506787330316742
0.00036701860231272
0.0004160382101558572
0.00036324786324786325
0.00036953242835595775
0.0003821015585721468
0.0003758169934640523
0.00036324786324786325
0.0003858722976370035
0.00036324786324786325
0.00038712921065862244
0.0003745600804424334
0.0003745600804424334
0.0003846153846153846
0.0
0.000392156862745098
0.0003996983408748115
0.0004160382101558572
0.0003783308195072901
0.00038838612368024135
0.000444947209653092
0.000392156862745098
0.0003821015585721468
0.00036701860231272
0.0003733031674208145
0.00038712921065862244
0.0003745600804424334
0.0004147812971342383
0.00036450477626948216
0.000379587732528909
0.0003481649069884364
0.0003582202111613876
0.0003833584715937657
0.000353192559074912
0.00039341377576671693
0.00036576168929110107
0.0003506787330316742
0.0003833584715937657
0.0003456510809451986
0.000379587732528909
0.0003758169934640523
0.00037204625439919557
0.000405982905982906
0.0003682755153343389
0.00032554047259929615
0.0003996983408748115
0.0003519356460532931
0.00035570638511814984
0.0003821015585721468
0.0003984414278531926
0.00039467068878833584
0.0003745600804424334
0.0003481649069884364
0.000392156862745098
0.00039718451483157366
0.00036324786324786325
0.00042986425339366517
0.0003908999497234791
0.0003783308195072901
0.00037078934137757666
0.00033685268979386624
0.0003758169934640523
0.0003506787330316742
0.0003821015585721468
0.00037078934137757666
0.00036450477626948216
0.00038838612368024135
0.0
0.00038712921065862244
0.0004097536450477627
0.00039467068878833584
0.0003808446455505279
0.0003733031674208145
0.0003594771241830065
0.0003770739064856712
0.0003821015585721468
0.00036701860231272
0.00033685268979386624
0.00035570638511814984
0.0003443941679235797
0.000392156862745098
0.0003770739064856712
0.0003733031674208145
0.0003745600804424334
0.00039341377576671693
0.00035696329813976875
0.00039718451483157366
0.0003783308195072901
0.0003506787330316742
0.0003846153846153846
0.0003808446455505279
0.0003821015585721468
0.0004072398190045249
0.00038964303670186026
0.00040095525389643034
0.0004172951231774761
0.0003858722976370035
0.00039467068878833584
0.00036953242835595775
0.000392156862745098
0.00036953242835595775
0.0003808446455505279
0.000405982905982906
0.00039341377576671693
0.0003594771241830065
0.00033685268979386624
0.0003996983408748115
0.00036450477626948216
0.00036450477626948216
0.00038712921065862244
0.0004110105580693816
0.00038964303670186026
0.00040095525389643034
0.0003984414278531926
0.00039592760180995475
0.0003858722976370035
0.0003733031674208145
0.00035696329813976875
0.00030794369029663146
0.0003469079939668175
0.0
0.000432378079436903
0.0003519356460532931
0.0004072398190045249
0.0004072398190045249
0.00038712921065862244
0.00038712921065862244
0.0003808446455505279
0.0003996983408748115
0.0003808446455505279
0.00037078934137757666
0.0003519356460532931
0.0003808446455505279
0.00036576168929110107
0.00037204625439919557
0.00033685268979386624
0.0003607340372046254
0.0004097536450477627
0.00035570638511814984
0.00036324786324786325
0.0003745600804424334
0.000353192559074912
0.0003745600804424334
0.0003808446455505279
0.00036324786324786325
0.00037078934137757666
0.0003808446455505279
0.000379587732528909
0.00038838612368024135
0.0003783308195072901
0.0003607340372046254
0.0003908999497234791
0.0003179989944695827
0.0004135243841126194
0.0003733031674208145
0.00038838612368024135
0.0003758169934640523
0.00039467068878833584
0.0003431372549019608
0.0003783308195072901
0.00041855203619909503
0.0003682755153343389
0.0003607340372046254
0.0003758169934640523
0.0004462041226747109
0.00033936651583710406
0.0004097536450477627
0.0004147812971342383
0.00036324786324786325
0.0003858722976370035
0.00035696329813976875
0.0004160382101558572
0.0003733031674208145
0.0
0.00036953242835595775
0.0003506787330316742
0.000353192559074912
0.00034062342885872297
0.0003594771241830065
0.00032428355957767724
0.0003456510809451986
0.0003506787330316742
0.00036576168929110107
0.0003519356460532931
0.00036450477626948216
0.00033433886375062847
0.00036199095022624434
0.0003758169934640523
0.00030542986425339364
0.00036324786324786325
0.0003858722976370035
0.000392156862745098
0.00036953242835595775
0.00037204625439919557
0.00042609351432880844
0.00036953242835595775
0.0003582202111613876
0.0003858722976370035
0.00037204625439919557
0.00040346907993966816
0.0003682755153343389
0.0003984414278531926
0.00036701860231272
0.000379587732528909
0.0003582202111613876
0.00042609351432880844
0.0003758169934640523
0.00036199095022624434
0.0003733031674208145
0.00036450477626948216
0.0003456510809451986
0.00040095525389643034
0.0004122674710910005
0.00036576168929110107
0.0004172951231774761
0.0003758169934640523
0.0003607340372046254
0.0003582202111613876
0.00039467068878833584
0.00039592760180995475
0.0003808446455505279
0.00043489190548014076
0.000353192559074912
0.00036324786324786325
0.00036576168929110107
0.00035696329813976875
0.0
0.0003808446455505279
0.000379587732528909
0.000405982905982906
0.00043614881850175967
0.00037078934137757666
0.0003594771241830065
0.00036701860231272
0.0004386626445449975
0.0004135243841126194
0.0004097536450477627
0.000379587732528909
0.0003846153846153846
0.0003418803418803419
0.0003846153846153846
0.0003770739064856712
0.00037078934137757666
0.0003846153846153846
0.00040472599296128707
0.00038964303670186026
0.00037204625439919557
0.0003733031674208145
0.0004097536450477627
0.00039718451483157366
0.000379587732528909
0.00038964303670186026
0.0003770739064856712
0.000353192559074912
0.00040472599296128707
0.0004072398190045249
0.0003783308195072901
0.0003783308195072901
0.0003745600804424334
0.00038838612368024135
0.0003821015585721468
0.0003858722976370035
0.0004110105580693816
0.00040346907993966816
0.0003682755153343389
0.0003908999497234791
0.0003758169934640523
0.0003821015585721468
0.00033810960281548515
0.00036701860231272
0.0003167420814479638
0.00036324786324786325
0.00038838612368024135
0.0003481649069884364
0.00036450477626948216
0.00037078934137757666
0.0003443941679235797
0.0003418803418803419
0.00032931121166415283
0.0
0.00035570638511814984
0.00037078934137757666
0.0003582202111613876
0.00035696329813976875
0.00039467068878833584
0.00038838612368024135
0.000405982905982906
0.0003783308195072901
0.0003418803418803419
0.00040346907993966816
0.00033182503770739065
0.0003682755153343389
0.0003733031674208145
0.0003858722976370035
0.0003594771241830065
0.0003846153846153846
0.00033810960281548515
0.000379587732528909
0.0003519356460532931
0.0003582202111613876
0.0003733031674208145
0.0003582202111613876
0.00036576168929110107
0.00035444947209653093
0.00039467068878833584
0.00038964303670186026
0.00036701860231272
0.00036701860231272
0.0004424333836098542
0.0003758169934640523
0.0004084967320261438
0.00040095525389643034
0.0003733031674208145
0.0003758169934640523
0.00037078934137757666
0.000392156862745098
0.00038712921065862244
0.00036450477626948216
0.0003908999497234791
0.0003745600804424334
0.0003984414278531926
0.00039592760180995475
0.00035570638511814984
0.00035570638511814984
0.00039467068878833584
0.0003682755153343389
0.00039718451483157366
0.0003733031674208145
0.0003607340372046254
0.00042106586224233285
0.00038838612368024135
0.00033810960281548515
0.0
0.00036953242835595775
0.0003758169934640523
0.00039592760180995475
0.00040095525389643034
0.00035696329813976875
0.0003821015585721468
0.0003833584715937657
0.0003733031674208145
0.0003745600804424334
0.00039341377576671693
0.00041855203619909503
0.0003506787330316742
0.000392156862745098
0.00037078934137757666
0.0003469079939668175
0.0003481649069884364
0.00042483660130718953
0.0003745600804424334
0.0003783308195072901
0.0004110105580693816
0.000405982905982906
0.0003355957767722474
0.0003808446455505279
0.0004160382101558572
0.0003418803418803419
0.000392156862745098
0.0004223227752639517
0.00033433886375062847
0.0003770739064856712
0.0003607340372046254
0.00040221216691804925
0.0003908999497234791
0.0003858722976370035
0.00036701860231272
0.0003733031674208145
0.00036199095022624434
0.0003783308195072901
0.00038712921065862244
0.0003984414278531926
0.0003469079939668175
0.0003996983408748115
0.00037078934137757666
0.00042860734037204626
0.00037204625439919557
0.00035696329813976875
0.0003858722976370035
0.00043489190548014076
0.0003984414278531926
0.000379587732528909
0.0003519356460532931
0.00035570638511814984
0.00035696329813976875
0.0
0.000392156862745098
0.00036199095022624434
0.0003808446455505279
0.00040472599296128707
0.0003833584715937657
0.0003607340372046254
0.00038964303670186026
0.00038712921065862244
0.00036450477626948216
0.00041980894922071394
0.00037204625439919557
0.00037204625439919557
0.0003808446455505279
0.00036324786324786325
0.0003908999497234791
0.00035570638511814984
0.00038964303670186026
0.0003456510809451986
0.00035570638511814984
0.0003733031674208145
0.0003506787330316742
0.0003858722976370035
0.00038712921065862244
0.0004097536450477627
0.0003758169934640523
0.00037204625439919557
0.00038712921065862244
0.0003808446455505279
0.00036450477626948216
0.0003908999497234791
0.00036199095022624434
0.0003908999497234791
0.0003192559074912016
0.0003783308195072901
0.0003996983408748115
0.0003770739064856712
0.00039592760180995475
0.0004122674710910005
0.00039592760180995475
0.00039467068878833584
0.0004072398190045249
0.0004110105580693816
0.00037078934137757666
0.0003494218200100553
0.00039718451483157366
0.00037204625439919557
0.0003506787330316742
0.0003833584715937657
0.000353192559074912
0.0003758169934640523
0.00036450477626948216
0.0003682755153343389
0.0
0.00042483660130718953
0.0003908999497234791
0.00041980894922071394
0.0003506787330316742
0.0003984414278531926
0.00036576168929110107
0.00036701860231272
0.00035570638511814984
0.00036450477626948216
0.00041980894922071394
0.0003758169934640523
0.0003519356460532931
0.0003682755153343389
0.0003996983408748115
0.0004160382101558572
0.00036701860231272
0.0003833584715937657
0.0003770739064856712
0.00033936651583710406
0.00036199095022624434
0.0004235796882855706
0.0003984414278531926
0.00035570638511814984
0.0003996983408748115
0.00042106586224233285
0.00036199095022624434
0.000379587732528909
0.00038712921065862244
0.00039467068878833584
0.00037078934137757666
0.00040346907993966816
0.00040346907993966816
0.00038964303670186026
0.0004160382101558572
0.000379587732528909
0.0003418803418803419
0.00036324786324786325
0.0004084967320261438
0.000379587732528909
0.0003758169934640523
0.0003821015585721468
0.0003858722976370035
0.0003594771241830065
0.00037078934137757666
0.0004147812971342383
0.0003770739064856712
0.000379587732528909
0.00037204625439919557
0.00039718451483157366
0.0003858722976370035
0.0003519356460532931
0.00035696329813976875
0.0
0.0003456510809451986
0.0003582202111613876
0.00040221216691804925
0.0003481649069884364
0.0003418803418803419
0.0003908999497234791
0.0003783308195072901
0.0004135243841126194
0.00033685268979386624
0.0003833584715937657
0.00035570638511814984
0.0003808446455505279
0.00037078934137757666
0.00034062342885872297
0.00036953242835595775
0.0003770739064856712
0.0003129713423831071
0.00036701860231272
0.00033810960281548515
0.00038838612368024135
0.00036450477626948216
0.00033685268979386624
0.00035570638511814984
0.0003519356460532931
0.00039341377576671693
0.00041855203619909503
0.0003607340372046254
0.00042735042735042735
0.0003783308195072901
0.00037078934137757666
0.0003984414278531926
0.00036450477626948216
0.0003821015585721468
0.00039718451483157366
0.0004122674710910005
0.000353192559074912
0.000405982905982906
0.00040472599296128707
0.00039467068878833584
0.00040221216691804925
0.00040095525389643034
0.0004135243841126194
0.00037204625439919557
0.0003846153846153846
0.0003733031674208145
0.0003594771241830065
0.00033936651583710406
0.00036576168929110107
0.00040221216691804925
0.00038838612368024135
0.0003908999497234791
0.0003908999497234791
0.0
0.0003758169934640523
0.00036324786324786325
0.00035444947209653093
0.0004097536450477627
0.00039592760180995475
0.00040346907993966816
0.0003745600804424334
0.00040095525389643034
0.0003858722976370035
0.0003758169934640523
0.00040346907993966816
0.00037204625439919557
0.0003783308195072901
0.0003783308195072901
0.00033810960281548515
0.00036324786324786325
0.0003582202111613876
0.00035570638511814984
0.0003745600804424334
0.0003607340372046254
0.0003833584715937657
0.00035570638511814984
0.0003783308195072901
0.0003770739064856712
0.0004147812971342383
0.0003758169934640523
0.0003821015585721468
0.0003682755153343389
0.00039718451483157366
0.0003481649069884364
0.00036953242835595775
0.0003733031674208145
0.0003607340372046254
0.00035696329813976875
0.00040095525389643034
0.0003833584715937657
0.0003996983408748115
0.00035570638511814984
0.0003996983408748115
0.000392156862745098
0.00036953242835595775
0.00040472599296128707
0.0003494218200100553
0.000392156862745098
0.0003984414278531926
0.00035696329813976875
0.0003984414278531926
0.00038838612368024135
0.00036576168929110107
0.0003821015585721468
0.0003783308195072901
0.0003770739064856712
0.0
0.0003770739064856712
0.0004172951231774761
0.0003783308195072901
0.000405982905982906
0.0003984414278531926
0.00036953242835595775
0.0003808446455505279
0.00033182503770739065
0.0003758169934640523
0.0003808446455505279
0.0003682755153343389
0.0003733031674208145
0.0004097536450477627
0.00036450477626948216
0.0004147812971342383
0.00036199095022624434
0.0003594771241830065
0.00038838612368024135
0.000379587732528909
0.00035444947209653093
0.00035570638511814984
0.0003770739064856712
0.00036701860231272
0.00036450477626948216
0.0003431372549019608
0.00039341377576671693
0.00040346907993966816
0.00037204625439919557
0.00040346907993966816
0.0003770739064856712
0.0004072398190045249
0.0003858722976370035
0.0003808446455505279
0.000392156862745098
0.0003908999497234791
0.00039467068878833584
0.000392156862745098
0.00040472599296128707
0.00042735042735042735
0.00035444947209653093
0.00039592760180995475
0.00036953242835595775
0.0003808446455505279
0.000379587732528909
0.0004122674710910005
0.00032554047259929615
0.0003682755153343389
0.0003733031674208145
0.0003456510809451986
0.000379587732528909
0.0003858722976370035
0.00037204625439919557
0.0
0.00037078934137757666
0.00039341377576671693
0.0003469079939668175
0.0003770739064856712
0.0003821015585721468
0.00039341377576671693
0.00036576168929110107
0.00034062342885872297
0.0003481649069884364
0.0003770739064856712
0.00037078934137757666
0.00042735042735042735
0.00036576168929110107
0.0003469079939668175
0.00035570638511814984
0.0004097536450477627
0.00036450477626948216
0.00033182503770739065
0.0004072398190045249
0.000392156862745098
0.00036953242835595775
0.00036324786324786325
0.00036701860231272
0.00036324786324786325
0.000379587732528909
0.0004072398190045249
0.0003682755153343389
0.00035570638511814984
0.0003733031674208145
0.0004147812971342383
0.0003582202111613876
0.0003846153846153846
0.00037078934137757666
0.0003808446455505279
0.00033936651583710406
0.0003770739064856712
0.00042735042735042735
0.0003758169934640523
0.0003682755153343389
0.0003355957767722474
0.00033810960281548515
0.0004223227752639517
0.00042106586224233285
0.00036953242835595775
0.0003443941679235797
0.00040346907993966816
0.00036324786324786325
0.0003808446455505279
0.0003745600804424334
0.0003431372549019608
0.00032554047259929615
0.00040221216691804925
0.0
0.0004097536450477627
0.0003808446455505279
0.00040221216691804925
0.00036701860231272
0.0003418803418803419
0.00039592760180995475
0.0003519356460532931
0.0003481649069884364
0.0003808446455505279
0.00036701860231272
0.00036953242835595775
0.000379587732528909
0.00036576168929110107
0.00033308195072900956
0.0003469079939668175
0.00036324786324786325
0.0003733031674208145
0.00036576168929110107
0.00037204625439919557
0.0003783308195072901
0.0003456510809451986
0.0003770739064856712
0.00042860734037204626
0.0003733031674208145
0.0003984414278531926
0.0004172951231774761
0.00039718451483157366
0.00033056812468577174
0.0003770739064856712
0.00037078934137757666
0.0003833584715937657
0.00035444947209653093
0.00039718451483157366
0.000353192559074912
0.0004110105580693816
0.00040095525389643034
0.0003280542986425339
0.00037078934137757666
0.00042483660130718953
0.00038964303670186026
0.000392156862745098
0.00036576168929110107
0.0003833584715937657
0.0003582202111613876
0.0003733031674208145
0.0003846153846153846
0.00036953242835595775
0.0003469079939668175
0.0003167420814479638
0.00040221216691804925
0.00036576168929110107
0.00039467068878833584
0.0
0.00040095525389643034
0.00039341377576671693
0.0004160382101558572
0.00035696329813976875
0.0003733031674208145
0.0003833584715937657
0.0003481649069884364
0.00038964303670186026
0.000392156862745098
0.00033936651583710406
0.00038964303670186026
0.00036324786324786325
0.0003984414278531926
0.000405982905982906
0.000379587732528909
0.0003519356460532931
0.00035444947209653093
0.00036953242835595775
0.00036199095022624434
0.000379587732528909
0.00040346907993966816
0.000353192559074912
0.0003481649069884364
0.00038838612368024135
0.0003783308195072901
0.00035570638511814984
0.0003594771241830065
0.00042860734037204626
0.0003846153846153846
0.00038964303670186026
0.0003431372549019608
0.00038838612368024135
0.00039592760180995475
0.0003783308195072901
0.00038712921065862244
0.00038712921065862244
0.00039718451483157366
0.00035444947209653093
0.0003783308195072901
0.0003783308195072901
0.00042860734037204626
0.0003607340372046254
0.00035570638511814984
0.0004122674710910005
0.0003607340372046254
0.0003443941679235797
0.0003984414278531926
0.0003682755153343389
0.00039592760180995475
0.00035444947209653093
0.0003808446455505279
0.0003519356460532931
0.0
0.0003770739064856712
0.0003682755153343389
0.0003846153846153846
0.0003745600804424334
0.00037078934137757666
0.00037204625439919557
0.0003821015585721468
0.0003996983408748115
0.00037204625439919557
0.00039467068878833584
0.00035444947209653093
0.0003846153846153846
0.0003745600804424334
0.000353192559074912
0.00036701860231272
0.0003582202111613876
0.00036576168929110107
0.0003846153846153846
0.0003456510809451986
0.00035444947209653093
0.00036953242835595775
0.00037204625439919557
0.0003418803418803419
0.00035444947209653093
0.00036199095022624434
0.0003758169934640523
0.00039341377576671693
0.00037078934137757666
0.00041855203619909503
0.00036199095022624434
0.00036576168929110107
0.0003682755153343389
0.0004386626445449975
0.00038838612368024135
0.0003996983408748115
0.00036576168929110107
0.0003418803418803419
0.0003984414278531926
0.00039718451483157366
0.0003908999497234791
0.0004110105580693816
0.00036576168929110107
0.00034062342885872297
0.00036953242835595775
0.00035696329813976875
0.00037204625439919557
0.0003506787330316742
0.00041980894922071394
0.0003733031674208145
0.0003770739064856712
0.00036701860231272
0.0003733031674208145
0.0
0.00035444947209653093
0.0003783308195072901
0.0003846153846153846
0.00040221216691804925
0.0003996983408748115
0.0003745600804424334
0.00039341377576671693
0.0003733031674208145
0.0003984414278531926
0.0003607340372046254
0.00036701860231272
0.0003519356460532931
0.00036953242835595775
0.00039718451483157366
0.0003494218200100553
0.000392156862745098
0.0003770739064856712
0.0003745600804424334
0.0004160382101558572
0.00038712921065862244
0.0003594771241830065
0.0004122674710910005
0.0003506787330316742
0.0004122674710910005
0.0003908999497234791
0.000405982905982906
0.00040221216691804925
0.0003733031674208145
0.00042609351432880844
0.0003733031674208145
0.00036701860231272
0.0003745600804424334
0.0003469079939668175
0.0003770739064856712
0.0003858722976370035
0.00037204625439919557
0.0003783308195072901
0.0003858722976370035
0.00038838612368024135
0.00037204625439919557
0.0003808446455505279
0.00038838612368024135
0.0003808446455505279
0.00037078934137757666
0.0003846153846153846
0.0003418803418803419
0.0004072398190045249
0.0003682755153343389
0.000353192559074912
0.000379587732528909
0.00036701860231272
0.0003443941679235797
0.0
0.00042483660130718953
0.00036199095022624434
0.0003770739064856712
0.0003682755153343389
0.00036199095022624434
0.000392156862745098
0.0003858722976370035
0.0003770739064856712
0.00038712921065862244
0.0003770739064856712
0.0004097536450477627
0.00036953242835595775
0.0003908999497234791
0.0003758169934640523
0.00036324786324786325
0.000379587732528909
0.000379587732528909
0.0003846153846153846
0.00039467068878833584
0.00040472599296128707
0.0003481649069884364
0.0003443941679235797
0.000379587732528909
0.0003607340372046254
0.0003280542986425339
0.0003758169934640523
0.0003858722976370035
0.0003758169934640523
0.0003506787330316742
0.0003783308195072901
0.00036199095022624434
0.000392156862745098
0.0003519356460532931
0.00038712921065862244
0.00039341377576671693
0.00037078934137757666
0.00037078934137757666
0.00036450477626948216
0.0003594771241830065
0.0003745600804424334
0.0003506787330316742
0.0003745600804424334
0.00036701860231272
0.00036450477626948216
0.0003858722976370035
0.0003594771241830065
0.00042483660130718953
0.00035570638511814984
0.00038964303670186026
0.00036953242835595775
0.00039467068878833584
0.00033308195072900956
0.0
0.0003908999497234791
0.000379587732528909
0.0004072398190045249
0.0004097536450477627
0.0004097536450477627
0.00038964303670186026
0.0004110105580693816
0.0004072398190045249
0.00039718451483157366
0.0003443941679235797
0.0003996983408748115
0.0003456510809451986
0.00040221216691804925
0.0003431372549019608
0.0003745600804424334
0.00040221216691804925
0.00036450477626948216
0.00033685268979386624
0.00039467068878833584
0.0003758169934640523
0.0003984414278531926
0.0003519356460532931
0.0003582202111613876
0.00040221216691804925
0.0004084967320261438
0.00036701860231272
0.00038964303670186026
0.0003456510809451986
0.0003456510809451986
0.00037204625439919557
0.0003846153846153846
0.00036953242835595775
0.0004097536450477627
0.00033936651583710406
0.00036199095022624434
0.00040221216691804925
0.00033308195072900956
0.0004122674710910005
0.0003758169934640523
0.0004072398190045249
0.0003833584715937657
0.00036450477626948216
0.0003745600804424334
0.00039341377576671693
0.00037078934137757666
0.00039592760180995475
0.00035444947209653093
0.0003770739064856712
0.0003833584715937657
0.00036701860231272
0.00036450477626948216
0.00040346907993966816
0.0
0.0003770739064856712
0.0003833584715937657
0.0003607340372046254
0.0003908999497234791
0.0003846153846153846
0.0003594771241830065
0.0003745600804424334
0.0003682755153343389
0.00036701860231272
0.00035696329813976875
0.000353192559074912
0.00036199095022624434
0.0003104575163398693
0.00037204625439919557
0.00035570638511814984
0.00040095525389643034
0.00036701860231272
0.0003833584715937657
0.00036199095022624434
0.0003431372549019608
0.000379587732528909
0.0003996983408748115
0.0003682755153343389
0.0004223227752639517
0.00040346907993966816
0.0003443941679235797
0.0003745600804424334
0.0003783308195072901
0.0003783308195072901
0.00032554047259929615
0.0004160382101558572
0.0004135243841126194
0.00038712921065862244
0.0003846153846153846
0.00043489190548014076
0.0003594771241830065
0.00039341377576671693
0.00036324786324786325
0.00037204625439919557
0.0003984414278531926
0.0004172951231774761
0.00033685268979386624
0.0003821015585721468
0.0003582202111613876
0.0003733031674208145
0.0003745600804424334
0.0003821015585721468
0.00036324786324786325
0.00036953242835595775
0.0003506787330316742
0.0003607340372046254
0.00039718451483157366
0.0
0.00036701860231272
0.000379587732528909
0.00034062342885872297
0.0004110105580693816
0.0003745600804424334
0.0003745600804424334
0.00035570638511814984
0.000379587732528909
0.0003783308195072901
0.0003858722976370035
0.0003682755153343389
0.0003519356460532931
0.00036324786324786325
0.0003217697335344394
0.00038964303670186026
0.0003770739064856712
0.0003846153846153846
0.00036576168929110107
0.0003745600804424334
0.00039718451483157366
0.0004084967320261438
0.0003733031674208145
0.0003682755153343389
0.00035696329813976875
0.000405982905982906
0.0003758169934640523
0.0004223227752639517
0.00040472599296128707
0.0004135243841126194
0.0004122674710910005
0.0003984414278531926
0.0003758169934640523
0.0003745600804424334
0.0003770739064856712
0.00040346907993966816
0.00040095525389643034
0.0003758169934640523
0.00036199095022624434
0.000392156862745098
0.00038964303670186026
0.00035696329813976875
0.00036576168929110107
0.00036953242835595775
0.0003469079939668175
0.00033056812468577174
0.0003770739064856712
0.0003745600804424334
0.000379587732528909
0.00037204625439919557
0.0003582202111613876
0.00035570638511814984
0.0003607340372046254
0.0
0.0003733031674208145
0.0003456510809451986
0.0004172951231774761
0.0003733031674208145
0.0003833584715937657
0.00036450477626948216
0.00038964303670186026
0.0003418803418803419
0.0003783308195072901
0.00033936651583710406
0.000353192559074912
0.00036199095022624434
0.00038712921065862244
0.0003582202111613876
0.0004135243841126194
0.00036199095022624434
0.0004135243841126194
0.0003494218200100553
0.0003821015585721468
0.0003506787330316742
0.0003443941679235797
0.000392156862745098
0.0003582202111613876
0.00036324786324786325
0.00036701860231272
0.00036199095022624434
0.0003519356460532931
0.00035696329813976875
0.0004135243841126194
0.00039592760180995475
0.0003808446455505279
0.0003808446455505279
0.0003594771241830065
0.00036450477626948216
0.00042106586224233285
0.000353192559074912
0.0003682755153343389
0.00036324786324786325
0.0003821015585721468
0.00040472599296128707
0.0003858722976370035
0.0003984414278531926
0.0003682755153343389
0.00037078934137757666
0.0003481649069884364
0.00037078934137757666
0.00043363499245852185
0.0003770739064856712
0.00039467068878833584
0.0003682755153343389
0.0003494218200100553
0.00036953242835595775
0.0
0.00037204625439919557
0.0003821015585721468
0.0003745600804424334
0.0004072398190045249
0.000392156862745098
0.0004135243841126194
0.0003846153846153846
0.00033056812468577174
0.0003582202111613876
0.0003582202111613876
0.00033685268979386624
0.0004097536450477627
0.0003682755153343389
0.0003506787330316742
0.00037204625439919557
0.00035444947209653093
0.00039592760180995475
0.0003808446455505279
0.0003443941679235797
0.00032931121166415283
0.0003443941679235797
0.0003984414278531926
0.00039718451483157366
0.0003984414278531926
0.0003821015585721468
0.0003783308195072901
0.0003996983408748115
0.0004110105580693816
0.0003745600804424334
0.0003733031674208145
0.0003770739064856712
0.0003808446455505279
0.00039592760180995475
0.0003594771241830065
0.0003745600804424334
0.00042986425339366517
0.00038712921065862244
0.0003607340372046254
0.0003984414278531926
0.00036450477626948216
0.00039592760180995475
0.00039718451483157366
0.00035444947209653093
0.0003783308195072901
0.0004172951231774761
0.0004135243841126194
0.00034062342885872297
0.0003594771241830065
0.0003821015585721468
0.0003745600804424334
0.00035444947209653093
0.0003858722976370035
0.0
0.00038838612368024135
0.000392156862745098
0.0004072398190045249
0.0003996983408748115
0.00038964303670186026
0.0003607340372046254
0.00034062342885872297
0.00038712921065862244
0.0003783308195072901
0.0003858722976370035
0.000392156862745098
0.0003494218200100553
0.000392156862745098
0.000392156862745098
0.00040221216691804925
0.0003582202111613876
0.0003858722976370035
0.0004084967320261438
0.0003808446455505279
0.0003833584715937657
0.00037204625439919557
0.0003443941679235797
0.0003594771241830065
0.0003733031674208145
0.0003821015585721468
0.00037204625439919557
0.00035696329813976875
0.0003846153846153846
0.0003808446455505279
0.00036324786324786325
0.00033685268979386624
0.0003733031674208145
0.00039341377576671693
0.0003481649069884364
0.00035444947209653093
0.0003519356460532931
0.000405982905982906
0.00037078934137757666
0.00036199095022624434
0.00039467068878833584
0.00038712921065862244
0.0003443941679235797
0.0003682755153343389
0.000379587732528909
0.0003682755153343389
0.0003846153846153846
0.00039592760180995475
0.00038838612368024135
0.0003418803418803419
0.0003481649069884364
0.0003594771241830065
0.00037204625439919557
0.0
0.0004122674710910005
0.000392156862745098
0.0003745600804424334
0.00039592760180995475
0.00036953242835595775
0.0003996983408748115
0.00036199095022624434
0.00037204625439919557
0.00037204625439919557
0.0003594771241830065
0.00038964303670186026
0.00035570638511814984
0.0003984414278531926
0.00038712921065862244
0.0003519356460532931
0.0003996983408748115
0.0003858722976370035
0.00038712921065862244
0.00036701860231272
0.00036324786324786325
0.0003858722976370035
0.0003770739064856712
0.00037078934137757666
0.000379587732528909
0.0003733031674208145
0.0003582202111613876
0.0003908999497234791
0.0004135243841126194
0.00043489190548014076
0.0003770739064856712
0.0003745600804424334
0.0003908999497234791
0.0003418803418803419
0.0003481649069884364
0.00038712921065862244
0.00038712921065862244
0.00036701860231272
0.000392156862745098
0.0003519356460532931
0.0003594771241830065
0.0003984414278531926
0.0003594771241830065
0.00039467068878833584
0.00039592760180995475
0.00036576168929110107
0.00039341377576671693
0.0003770739064856712
0.0003506787330316742
0.0003355957767722474
0.000353192559074912
0.00035444947209653093
0.00036199095022624434
0.0
0.00036199095022624434
0.0003758169934640523
0.00038964303670186026
0.0003745600804424334
0.0004223227752639517
0.00038964303670186026
0.000379587732528909
0.0003745600804424334
0.00039592760180995475
0.0003745600804424334
0.0003984414278531926
0.00036199095022624434
0.0003594771241830065
0.0003758169934640523
0.0003858722976370035
0.0003431372549019608
0.0004172951231774761
0.0003456510809451986
0.0003758169934640523
0.0004072398190045249
0.00040095525389643034
0.00038964303670186026
0.00035444947209653093
0.00036701860231272
0.00035570638511814984
0.0004135243841126194
0.0004110105580693816
0.0003607340372046254
0.0003582202111613876
0.00040221216691804925
0.00042860734037204626
0.000353192559074912
0.0003519356460532931
0.0003607340372046254
0.00040095525389643034
0.000405982905982906
0.0003582202111613876
0.0003456510809451986
0.0004147812971342383
0.0003494218200100553
0.00036576168929110107
0.0004110105580693816
0.00035570638511814984
0.0003808446455505279
0.00038964303670186026
0.0003846153846153846
0.00036953242835595775
0.0003808446455505279
0.00036324786324786325
0.00032931121166415283
0.0003481649069884364
0.0003506787330316742
0.0
0.0003770739064856712
0.000379587732528909
0.0003758169934640523
0.00036324786324786325
0.00041980894922071394
0.0003808446455505279
0.0003582202111613876
0.00039467068878833584
0.00038712921065862244
0.00035696329813976875
0.0003745600804424334
0.0003594771241830065
0.000392156862745098
0.0003494218200100553
0.00035570638511814984
0.00036199095022624434
0.00038838612368024135
0.00038712921065862244
0.000392156862745098
0.00036953242835595775
0.00036324786324786325
0.0003607340372046254
0.00035444947209653093
0.00036450477626948216
0.000379587732528909
0.0003607340372046254
0.0003770739064856712
0.00036953242835595775
0.00042483660130718953
0.000379587732528909
0.0003846153846153846
0.0004110105580693816
0.0003833584715937657
0.0003770739064856712
0.0003758169934640523
0.0003431372549019608
0.0004084967320261438
0.0003594771241830065
0.000392156862745098
0.0003908999497234791
0.0003783308195072901
0.00038712921065862244
0.00039341377576671693
0.0004110105580693816
0.00036701860231272
0.00039592760180995475
0.00037204625439919557
0.00036450477626948216
0.0003456510809451986
0.0003280542986425339
0.0003821015585721468
0.0003456510809451986
0.0
0.0003682755153343389
0.0003846153846153846
0.0003821015585721468
0.00044997486173956763
0.00040095525389643034
0.0003431372549019608
0.00040221216691804925
0.00039467068878833584
0.00037204625439919557
0.00036953242835595775
0.0003733031674208145
0.0003355957767722474
0.0003582202111613876
0.0004097536450477627
0.00036953242835595775
0.00033182503770739065
0.0003808446455505279
0.00042483660130718953
0.0003682755153343389
0.0003431372549019608
0.000379587732528909
0.0003758169934640523
0.00038964303670186026
0.0003733031674208145
0.00038964303670186026
0.00036701860231272
0.0003443941679235797
0.00033936651583710406
0.00037078934137757666
0.0003355957767722474
0.0003808446455505279
0.00038964303670186026
0.0003758169934640523
0.00037078934137757666
0.0004147812971342383
0.0003770739064856712
0.000432378079436903
0.00035444947209653093
0.0003908999497234791
0.00038964303670186026
0.0004097536450477627
0.0004147812971342383
0.00038964303670186026
0.0003984414278531926
0.0003808446455505279
0.000326797385620915
0.0003821015585721468
0.00033810960281548515
0.0003733031674208145
0.0003607340372046254
0.0003758169934640523
0.00033936651583710406
0.0
0.0003506787330316742
0.00042860734037204626
0.0004122674710910005
0.00036953242835595775
0.0003733031674208145
0.00036450477626948216
0.00040095525389643034
0.00040095525389643034
0.00037078934137757666
0.0003733031674208145
0.00036701860231272
0.00036953242835595775
0.000353192559074912
0.0003821015585721468
0.0003506787330316742
0.0003607340372046254
0.00033308195072900956
0.0003745600804424334
0.0004122674710910005
0.0003821015585721468
0.0004084967320261438
0.0003104575163398693
0.0003733031674208145
0.0003506787330316742
0.00042860734037204626
0.000379587732528909
0.0003481649069884364
0.0004172951231774761
0.0003469079939668175
0.0003833584715937657
0.00037204625439919557
0.00035444947209653093
0.0003594771241830065
0.0003770739064856712
0.00040221216691804925
0.00041855203619909503
0.00035444947209653093
0.00039718451483157366
0.00036701860231272
0.00039341377576671693
0.00036576168929110107
0.0003833584715937657
0.0003431372549019608
0.0003908999497234791
0.0003582202111613876
0.00037204625439919557
0.0003758169934640523
0.0003821015585721468
0.00033433886375062847
0.00036199095022624434
0.0003908999497234791
0.0003858722976370035
0.0
0.0003808446455505279
0.0004147812971342383
0.0003821015585721468
0.00036199095022624434
0.0003582202111613876
0.00037204625439919557
0.0003908999497234791
0.00036576168929110107
0.0003984414278531926
0.0003846153846153846
0.0003682755153343389
0.0003519356460532931
0.0003469079939668175
0.0003808446455505279
0.0003770739064856712
0.0003745600804424334
0.00035570638511814984
0.00039718451483157366
0.00035570638511814984
0.0003770739064856712
0.00038838612368024135
0.0003682755153343389
0.0004386626445449975
0.0003431372549019608
0.0004172951231774761
0.00040095525389643034
0.00035696329813976875
0.00039341377576671693
0.0004084967320261438
0.00037204625439919557
0.000353192559074912
0.0004097536450477627
0.00035696329813976875
0.0003858722976370035
0.00036701860231272
0.0004072398190045249
0.000405982905982906
0.0003355957767722474
0.0003846153846153846
0.0003418803418803419
0.0003494218200100553
0.00039718451483157366
0.00039592760180995475
0.0003858722976370035
0.00041855203619909503
0.00035444947209653093
0.0003506787330316742
0.00033936651583710406
0.0003846153846153846
0.0003607340372046254
0.0003682755153343389
0.00033685268979386624
0.0
0.0003846153846153846
0.0003908999497234791
0.0003733031674208145
0.0003783308195072901
0.00038838612368024135
0.0003682755153343389
0.000392156862745098
0.00036324786324786325
0.0003996983408748115
0.0003758169934640523
0.0003984414278531926
0.00038712921065862244
0.0004084967320261438
0.00035570638511814984
0.0004097536450477627
0.0003469079939668175
0.0003770739064856712
0.00039467068878833584
0.00035444947209653093
0.0003733031674208145
0.00035696329813976875
0.000379587732528909
0.0004072398190045249
0.0003682755153343389
0.0003833584715937657
0.00036450477626948216
0.00033433886375062847
0.0003733031674208145
0.00039341377576671693
0.00035696329813976875
0.0003594771241830065
0.00042735042735042735
0.00036953242835595775
0.00037078934137757666
0.0004160382101558572
0.00038964303670186026
0.00037204625439919557
0.0003833584715937657
0.0004110105580693816
0.0003808446455505279
0.00039592760180995475
0.00033056812468577174
0.0004122674710910005
0.0004122674710910005
0.0004160382101558572
0.0003469079939668175
0.0003733031674208145
0.0003431372549019608
0.0003908999497234791
0.0003418803418803419
0.00037078934137757666
0.00039592760180995475
0.0
0.00040346907993966816
0.00039341377576671693
0.0003594771241830065
0.00032302664655605833
0.0003582202111613876
0.0003758169934640523
0.0003984414278531926
0.00038964303670186026
0.00046128707893413777
0.0003594771241830065
0.0003858722976370035
0.00038838612368024135
0.0003846153846153846
0.0003808446455505279
0.00035570638511814984
0.0003506787330316742
0.0003733031674208145
0.00037204625439919557
0.00033810960281548515
0.0003846153846153846
0.00036324786324786325
0.00038964303670186026
0.0003443941679235797
0.0003821015585721468
0.00035570638511814984
0.00036576168929110107
0.0004097536450477627
0.0003456510809451986
0.0003846153846153846
0.00038838612368024135
0.0004147812971342383
0.0003494218200100553
0.00038964303670186026
0.0004386626445449975
0.0003682755153343389
0.0003770739064856712
0.0003908999497234791
0.0003607340372046254
0.0003783308195072901
0.00041855203619909503
0.0003607340372046254
0.0003733031674208145
0.0004135243841126194
0.0004135243841126194
0.0003582202111613876
0.00037078934137757666
0.00040095525389643034
0.00037204625439919557
0.0004135243841126194
0.0003607340372046254
0.00034062342885872297
0.00038838612368024135
0.0
0.00043489190548014076
0.0003594771241830065
0.0003984414278531926
0.0003996983408748115
0.0003758169934640523
0.0003607340372046254
0.000392156862745098
0.00035444947209653093
0.00036953242835595775
0.0003682755153343389
0.00035570638511814984
0.0003783308195072901
0.00038712921065862244
0.0003758169934640523
0.000353192559074912
0.0003846153846153846
0.00041980894922071394
0.0003908999497234791
0.0003858722976370035
0.00038964303670186026
0.00038964303670186026
0.0003984414278531926
0.0003745600804424334
0.00037078934137757666
0.0003607340372046254
0.00033182503770739065
0.0003758169934640523
0.00036701860231272
0.0003821015585721468
0.00036324786324786325
0.00033936651583710406
0.0003456510809451986
0.0003821015585721468
0.0003469079939668175
0.0003506787330316742
0.0003682755153343389
0.0003745600804424334
0.0003469079939668175
0.0004172951231774761
0.00040472599296128707
0.00037204625439919557
0.0003808446455505279
0.00035570638511814984
0.0003908999497234791
0.00037204625439919557
0.0004072398190045249
0.00037078934137757666
0.0004084967320261438
0.0003217697335344394
0.0003682755153343389
0.00035444947209653093
0.00036953242835595775
0.0
0.00040472599296128707
0.00036576168929110107
0.0003733031674208145
0.0003821015585721468
0.0003783308195072901
0.000379587732528909
0.0003745600804424334
0.0003858722976370035
0.00039467068878833584
0.00038838612368024135
0.0003808446455505279
0.00039341377576671693
0.00033936651583710406
0.00036324786324786325
0.0003846153846153846
0.0003745600804424334
0.0003996983408748115
0.0003758169934640523
0.00043489190548014076
0.0003682755153343389
0.0003607340372046254
0.00035444947209653093
0.0003996983408748115
0.00037078934137757666
0.0003494218200100553
0.00038964303670186026
0.0003443941679235797
0.00040472599296128707
0.0003984414278531926
0.0003682755153343389
0.00033936651583710406
0.0003821015585721468
0.00034062342885872297
0.0003833584715937657
0.0003808446455505279
0.0003783308195072901
0.00036701860231272
0.0003783308195072901
0.00036953242835595775
0.00038712921065862244
0.0003607340372046254
0.00038838612368024135
0.000379587732528909
0.0003996983408748115
0.00035444947209653093
0.00040221216691804925
0.00037078934137757666
0.00042735042735042735
0.00040346907993966816
0.00036450477626948216
0.00039718451483157366
0.00036576168929110107
0.0
0.00040472599296128707
0.00043489190548014076
0.00039718451483157366
0.00039467068878833584
0.0003758169934640523
0.0003996983408748115
0.0003519356460532931
0.0003808446455505279
0.00032554047259929615
0.000379587732528909
0.0003494218200100553
0.0003770739064856712
0.000405982905982906
0.0003858722976370035
0.0003833584715937657
0.00030794369029663146
0.00033936651583710406
0.0003607340372046254
0.00036199095022624434
0.00036450477626948216
0.00037078934137757666
0.00036199095022624434
0.00037078934137757666
0.0003733031674208145
0.00039467068878833584
0.0003745600804424334
0.000392156862745098
0.00042609351432880844
0.0003846153846153846
0.00034062342885872297
0.0004122674710910005
0.00043614881850175967
0.0003821015585721468
0.00033810960281548515
0.0003582202111613876
0.0003808446455505279
0.0003821015585721468
0.00035444947209653093
0.00039467068878833584
0.0004072398190045249
0.0004072398190045249
0.0003758169934640523
0.00037078934137757666
0.0003481649069884364
0.00036576168929110107
0.00039718451483157366
0.00036576168929110107
0.00038712921065862244
0.0003833584715937657
0.0003908999497234791
0.00033685268979386624
0.00039467068878833584
0.0
0.0003996983408748115
0.0003506787330316742
0.00035444947209653093
0.0003858722976370035
0.0003808446455505279
0.0003682755153343389
0.0004424333836098542
0.00039718451483157366
0.00036324786324786325
0.0004374057315233786
0.0003758169934640523
0.0003682755153343389
0.0003481649069884364
0.0003858722976370035
0.00039592760180995475
0.00036450477626948216
0.00033056812468577174
0.00038712921065862244
0.00039467068878833584
0.0003418803418803419
0.00036701860231272
0.0003443941679235797
0.0003682755153343389
0.00032554047259929615
0.0003833584715937657
0.00033810960281548515
0.0003582202111613876
0.00036324786324786325
0.0003506787330316742
0.000392156862745098
0.00034062342885872297
0.00036953242835595775
0.0003908999497234791
0.0003594771241830065
0.00034062342885872297
0.0004122674710910005
0.0003280542986425339
0.00037078934137757666
0.00038964303670186026
0.00036199095022624434
0.0003908999497234791
0.0003733031674208145
0.00036576168929110107
0.0003984414278531926
0.00040095525389643034
0.00036450477626948216
0.0003519356460532931
0.0003481649069884364
0.0003858722976370035
0.000379587732528909
0.0003167420814479638
0.00033936651583710406
0.0
0.000379587732528909
0.0003833584715937657
0.0004097536450477627
0.00036576168929110107
0.00039592760180995475
0.0003594771241830065
0.0003770739064856712
0.00035696329813976875
0.0003783308195072901
0.00035696329813976875
0.00039718451483157366
0.0003506787330316742
0.0003808446455505279
0.0003506787330316742
0.000379587732528909
0.0003481649069884364
0.0003506787330316742
0.00036199095022624434
0.00033308195072900956
0.0003456510809451986
0.0003506787330316742
0.0004160382101558572
0.00036953242835595775
0.0003494218200100553
0.00037078934137757666
0.00038964303670186026
0.0003481649069884364
0.0003607340372046254
0.0003733031674208145
0.0003041729512317748
0.00038838612368024135
0.0003833584715937657
0.0003758169934640523
0.0003418803418803419
0.000379587732528909
0.00036701860231272
0.00039718451483157366
0.0003733031674208145
0.0003846153846153846
0.0003770739064856712
0.0004084967320261438
0.0004084967320261438
0.00040095525389643034
0.0003908999497234791
0.00033936651583710406
0.0004160382101558572
0.0003783308195072901
0.0003770739064856712
0.0003770739064856712
0.00038712921065862244
0.0003808446455505279
0.0003833584715937657
0.0
0.0004160382101558572
0.00040472599296128707
0.0003770739064856712
0.00040221216691804925
0.00030165912518853697
0.0003682755153343389
0.0003833584715937657
0.000379587732528909
0.0003481649069884364
0.00038838612368024135
0.0003481649069884364
0.00038712921065862244
0.00035570638511814984
0.0004135243841126194
0.00033685268979386624
0.0003594771241830065
0.00040221216691804925
0.00033308195072900956
0.00038712921065862244
0.0004072398190045249
0.00037078934137757666
0.0003418803418803419
0.00040221216691804925
0.00040472599296128707
0.0003846153846153846
0.00035570638511814984
0.0003481649069884364
0.00033685268979386624
0.0003506787330316742
0.00036450477626948216
0.00036199095022624434
0.0003481649069884364
0.00035570638511814984
0.00034062342885872297
0.00040095525389643034
0.000353192559074912
0.0004097536450477627
0.0003858722976370035
0.0003217697335344394
0.0003582202111613876
0.00040346907993966816
0.0003443941679235797
0.00035444947209653093
0.0004097536450477627
0.0003808446455505279
0.00035570638511814984
0.00040221216691804925
0.000353192559074912
0.0003607340372046254
0.0003733031674208145
0.0003582202111613876
0.00038964303670186026
0.0
0.00037078934137757666
0.0003733031674208145
0.0003745600804424334
0.0003833584715937657
0.00040095525389643034
0.0004122674710910005
0.0003846153846153846
0.0003758169934640523
0.0004424333836098542
0.0003418803418803419
0.0003770739064856712
0.00035570638511814984
0.0003355957767722474
0.00036324786324786325
0.00036450477626948216
0.0003984414278531926
0.0003758169934640523
0.0003594771241830065
0.0003582202111613876
0.0003607340372046254
0.00036701860231272
0.0004135243841126194
0.0003783308195072901
0.00035444947209653093
0.00033936651583710406
0.0003594771241830065
0.00039467068878833584
0.0003582202111613876
0.0003770739064856712
0.00036450477626948216
0.00040472599296128707
0.00040472599296128707
0.00038964303670186026
0.0004135243841126194
0.00035444947209653093
0.00033433886375062847
0.0003770739064856712
0.0003733031674208145
0.0003858722976370035
0.00033056812468577174
0.00038964303670186026
0.0003833584715937657
0.000379587732528909
0.00039467068878833584
0.0003821015585721468
0.000379587732528909
0.00036953242835595775
0.0004110105580693816
0.0003770739064856712
0.0004135243841126194
0.000353192559074912
0.0003519356460532931
0.0
0.00041980894922071394
0.00036576168929110107
0.00040346907993966816
0.00038964303670186026
0.0003821015585721468
0.00037204625439919557
0.0003594771241830065
0.0003821015585721468
0.00037078934137757666
0.0003607340372046254
0.0003783308195072901
0.00036701860231272
0.000353192559074912
0.0004147812971342383
0.0003833584715937657
0.00035444947209653093
0.0003858722976370035
0.00036324786324786325
0.00036576168929110107
0.0003783308195072901
0.00036450477626948216
0.000353192559074912
0.00036576168929110107
0.0003821015585721468
0.0003833584715937657
0.0003846153846153846
0.00036953242835595775
0.0003858722976370035
0.0003431372549019608
0.0003858722976370035
0.00036199095022624434
0.000405982905982906
0.00036199095022624434
0.00036450477626948216
0.00038964303670186026
0.0003758169934640523
0.00039592760180995475
0.00039341377576671693
0.000379587732528909
0.0003469079939668175
0.00036324786324786325
0.0003858722976370035
0.0003758169934640523
0.000353192559074912
0.0003758169934640523
0.00036576168929110107
0.00036324786324786325
0.00038712921065862244
0.00038712921065862244
0.0003808446455505279
0.0003443941679235797
0.0003808446455505279
0.0
0.00039718451483157366
0.00039467068878833584
0.0004147812971342383
0.0004072398190045249
0.0004097536450477627
0.0003506787330316742
0.0004147812971342383
0.0003984414278531926
0.00035570638511814984
0.0003582202111613876
0.00039592760180995475
0.0003833584715937657
0.0003582202111613876
0.0004097536450477627
0.0003431372549019608
0.00038712921065862244
0.00034062342885872297
0.00036701860231272
0.00037204625439919557
0.00038964303670186026
0.0003783308195072901
0.0003846153846153846
0.00033810960281548515
0.0003858722976370035
0.0003833584715937657
0.0003821015585721468
0.00041855203619909503
0.00032931121166415283
0.0003908999497234791
0.0004110105580693816
0.00036199095022624434
0.00036701860231272
0.00038712921065862244
0.0003996983408748115
0.00039718451483157366
0.0004084967320261438
0.00035696329813976875
0.0003770739064856712
0.0004147812971342383
0.0003858722976370035
0.0004122674710910005
0.0004147812971342383
0.00036450477626948216
0.0003481649069884364
0.000379587732528909
0.00035570638511814984
0.00038712921065862244
0.00036576168929110107
0.00037204625439919557
0.0003469079939668175
0.0003594771241830065
0.0003469079939668175
0.0
0.0004160382101558572
0.00041855203619909503
0.00040472599296128707
0.0004110105580693816
0.0003092006033182504
0.000379587732528909
0.0003858722976370035
0.00033810960281548515
0.000379587732528909
0.0003821015585721468
0.00036450477626948216
0.00042609351432880844
0.00037078934137757666
0.00037078934137757666
0.00036199095022624434
0.0003519356460532931
0.0004072398190045249
0.00033433886375062847
0.0003733031674208145
0.0003092006033182504
0.0003821015585721468
0.0003745600804424334
0.0003846153846153846
0.00035570638511814984
0.00040346907993966816
0.0003594771241830065
0.0004160382101558572
0.0003783308195072901
0.0003745600804424334
0.00039341377576671693
0.0003808446455505279
0.00038712921065862244
0.0003996983408748115
0.0003745600804424334
0.0003745600804424334
0.0003607340372046254
0.0003745600804424334
0.0004235796882855706
0.0004072398190045249
0.00036701860231272
0.0004135243841126194
0.00036953242835595775
0.00036450477626948216
0.00035696329813976875
0.00040095525389643034
0.00036701860231272
0.0003682755153343389
0.00036576168929110107
0.0003833584715937657
0.0003733031674208145
0.00038964303670186026
0.00033056812468577174
0.0
0.00040346907993966816
0.00042106586224233285
0.00039592760180995475
0.0004097536450477627
0.0003821015585721468
0.00033936651583710406
0.0003846153846153846
0.0003582202111613876
0.00036701860231272
0.0003682755153343389
0.0003770739064856712
0.0004122674710910005
0.0004110105580693816
0.000353192559074912
0.00036199095022624434
0.00033936651583710406
0.0003494218200100553
0.0003858722976370035
0.0003984414278531926
0.00038838612368024135
0.0003770739064856712
0.00036953242835595775
0.0003808446455505279
0.00035696329813976875
0.00039467068878833584
0.0004097536450477627
0.00038712921065862244
0.000379587732528909
0.00039341377576671693
0.0004072398190045249
0.0003833584715937657
0.00038838612368024135
0.00041855203619909503
0.0003594771241830065
0.0003443941679235797
0.0003481649069884364
0.0003494218200100553
0.00036953242835595775
0.0003846153846153846
0.00035696329813976875
0.0003519356460532931
0.0003846153846153846
0.00036450477626948216
0.00036953242835595775
0.0003833584715937657
0.0003996983408748115
0.0003758169934640523
0.0003594771241830065
0.00035696329813976875
0.00036953242835595775
0.0003858722976370035
0.00038838612368024135
0.0
0.0003770739064856712
0.00040472599296128707
0.0004097536450477627
0.00037078934137757666
0.00032931121166415283
0.0004072398190045249
0.0003833584715937657
0.0003682755153343389
0.00036199095022624434
0.0003733031674208145
0.00036701860231272
0.0003808446455505279
0.0003481649069884364
0.0004072398190045249
0.00039592760180995475
0.0004110105580693816
0.0003456510809451986
0.0003770739064856712
0.000353192559074912
0.00033936651583710406
0.00040346907993966816
0.0003745600804424334
0.0003582202111613876
0.00036324786324786325
0.00036576168929110107
0.0003770739064856712
0.000379587732528909
0.00036324786324786325
0.0003582202111613876
0.0003682755153343389
0.0003858722976370035
0.0003770739064856712
0.0003833584715937657
0.00035570638511814984
0.0003984414278531926
0.0003808446455505279
0.0004097536450477627
0.00038838612368024135
0.00036701860231272
0.0003783308195072901
0.0003908999497234791
0.0003594771241830065
0.000392156862745098
0.0003783308195072901
0.0004223227752639517
0.000379587732528909
0.0004135243841126194
0.0003833584715937657
0.0003481649069884364
0.0003456510809451986
0.0003456510809451986
0.0003607340372046254
0.0
0.0003733031674208145
0.00040095525389643034
0.00042609351432880844
0.0004386626445449975
0.0003808446455505279
0.0003494218200100553
0.00036953242835595775
0.0004084967320261438
0.00040095525389643034
0.0004084967320261438
0.000392156862745098
0.0003833584715937657
0.0003821015585721468
0.0003821015585721468
0.0003469079939668175
0.000432378079436903
0.00035444947209653093
0.00038964303670186026
0.000392156862745098
0.00036199095022624434
0.0003682755153343389
0.0004160382101558572
0.0003469079939668175
0.00036701860231272
0.0003758169934640523
0.0003758169934640523
0.00038838612368024135
0.0003783308195072901
0.00040472599296128707
0.00036450477626948216
0.0003858722976370035
0.00037078934137757666
0.00035570638511814984
0.00041855203619909503
0.0003833584715937657
0.00039718451483157366
0.0003770739064856712
0.000444947209653092
0.0003770739064856712
0.00040346907993966816
0.0003984414278531926
0.0004110105580693816
0.00039467068878833584
0.0003984414278531926
0.0003908999497234791
0.0003431372549019608
0.0003745600804424334
0.0003858722976370035
0.0003418803418803419
0.00036953242835595775
0.00035444947209653093
0.000392156862745098
0.0
0.00037078934137757666
0.0003846153846153846
0.0003682755153343389
0.00037078934137757666
0.0003355957767722474
0.00039341377576671693
0.00037078934137757666
0.0004110105580693816
0.0003431372549019608
0.00038712921065862244
0.00038712921065862244
0.0004160382101558572
0.0003733031674208145
0.0003519356460532931
0.00038838612368024135
0.00038964303670186026
0.0003745600804424334
0.00038964303670186026
0.0004172951231774761
0.0003821015585721468
0.00036324786324786325
0.0003506787330316742
0.00033685268979386624
0.0003833584715937657
0.00042986425339366517
0.0003682755153343389
0.00035696329813976875
0.00038712921065862244
0.000379587732528909
0.00038838612368024135
0.00039341377576671693
0.00036701860231272
0.0003758169934640523
0.00040472599296128707
0.00036953242835595775
0.0004147812971342383
0.0003519356460532931
0.00040472599296128707
0.0003418803418803419
0.000379587732528909
0.00037204625439919557
0.0003808446455505279
0.00040095525389643034
0.0003733031674208145
0.0003745600804424334
0.00036576168929110107
0.00033936651583710406
0.0003418803418803419
0.0003594771241830065
0.0003846153846153846
0.00035570638511814984
0.00036576168929110107
0.0
0.0003858722976370035
0.0003431372549019608
0.0003594771241830065
0.0004147812971342383
0.0003984414278531926
0.00037204625439919557
0.0003984414278531926
0.00035696329813976875
0.0003582202111613876
0.000392156862745098
0.00038964303670186026
0.0003506787330316742
0.00036199095022624434
0.00038712921065862244
0.0003519356460532931
0.00035570638511814984
0.0003858722976370035
0.0003355957767722474
0.0003908999497234791
0.0004084967320261438
0.0003594771241830065
0.00039592760180995475
0.00036199095022624434
0.00037204625439919557
0.00036701860231272
0.0003418803418803419
0.0003733031674208145
0.00039718451483157366
0.00036953242835595775
0.00040221216691804925
0.0004072398190045249
0.00038964303670186026
0.00040221216691804925
0.000444947209653092
0.0004172951231774761
0.00039467068878833584
0.00040221216691804925
0.00038964303670186026
0.0003594771241830065
0.000379587732528909
0.000379587732528909
0.000392156862745098
0.00040346907993966816
0.0003770739064856712
0.00038712921065862244
0.000353192559074912
0.0004097536450477627
0.00034062342885872297
0.00039341377576671693
0.0003858722976370035
0.0003745600804424334
0.00037078934137757666
0.0
