vec
0.9967948717948718
0.968288084464555
0.8467571644042233
0.651206636500754
0.6155731523378579
0.5884238310708897
0.5541101055806935
0.5211915535444945
0.4897812971342382
0.46579939668174947
0.441628959276018
0.42352941176470577
0.4035822021116138
0.38389894419306175
0.37790346907993955
0.3731523378582201
0.36783559577677216
0.3662141779788838
0.36293363499245845
0.36523378582202104
0.35207390648567105
0.3536199095022623
0.41990950226244333
0.4900452488687782
0.5535822021116138
0.6135746606334843
0.6714932126696834
0.7081447963800904
0.7245475113122172
0.716704374057315
0.721078431372549
0.6485294117647057
0.5447963800904977
0.4642911010558069
0.4181749622926094
0.4023755656108598
0.38857466063348417
0.37756410256410255
0.3701357466063348
0.36591251885369525
0.3578808446455505
0.36553544494720963
0.36553544494720963
0.36519607843137253
0.36357466063348415
0.36508295625942694
0.3653092006033183
0.3541478129713424
0.36244343891402714
0.3433634992458522
0.4609351432880845
