vec
0.0
0.0007541478129713424
0.0
0.0
0.0
0.0
0.0
0.0
0.0
0.0
0.0
0.0
0.0
0.0
0.0
0.0
0.0
3.770739064856712e-05
0.0
3.770739064856712e-05
0.0
3.770739064856712e-05
0.0
0.0
0.0
3.770739064856712e-05
3.770739064856712e-05
7.541478129713424e-05
0.0
3.770739064856712e-05
0.0
0.0
3.770739064856712e-05
0.0
0.0
7.541478129713424e-05
0.00011312217194570136
7.541478129713424e-05
7.541478129713424e-05
0.0
3.770739064856712e-05
0.00015082956259426848
3.770739064856712e-05
3.770739064856712e-05
7.541478129713424e-05
3.770739064856712e-05
0.0
7.541478129713424e-05
0.00011312217194570136
7.541478129713424e-05
7.541478129713424e-05
0.00015082956259426848
0.0
0.0
0.0007541478129713424
0.0
0.0
0.0
0.0
0.0
0.0
0.0
0.0
3.770739064856712e-05
0.0
0.0
0.0
3.770739064856712e-05
7.541478129713424e-05
0.0
0.0
0.0
0.0
3.770739064856712e-05
3.770739064856712e-05
0.0
0.0
0.0
0.0
0.00011312217194570136
0.0
0.0
0.0
7.541478129713424e-05
3.770739064856712e-05
7.541478129713424e-05
3.770739064856712e-05
3.770739064856712e-05
0.0001885369532428356
0.0
0.0
0.0
7.541478129713424e-05
3.770739064856712e-05
0.0
3.770739064856712e-05
0.0
3.770739064856712e-05
3.770739064856712e-05
3.770739064856712e-05
0.00011312217194570136
0.00011312217194570136
0.0
0.0
0.0
0.0
0.0
0.0005279034690799396
0.0
0.0
0.0
0.0
3.770739064856712e-05
0.0
0.0
0.0
0.0
0.0
3.770739064856712e-05
0.0
0.0
0.0
3.770739064856712e-05
0.0
3.770739064856712e-05
3.770739064856712e-05
0.0
0.0
3.770739064856712e-05
0.0
7.541478129713424e-05
0.0
7.541478129713424e-05
7.541478129713424e-05
0.00011312217194570136
0.00011312217194570136
3.770739064856712e-05
3.770739064856712e-05
3.770739064856712e-05
0.0
0.0
0.0
0.0
3.770739064856712e-05
7.541478129713424e-05
3.770739064856712e-05
0.0
3.770739064856712e-05
3.770739064856712e-05
3.770739064856712e-05
7.541478129713424e-05
7.541478129713424e-05
3.770739064856712e-05
0.0
7.541478129713424e-05
3.770739064856712e-05
0.0
0.0
0.0
0.0
0.0006033182503770739
0.0
0.0
0.0
7.541478129713424e-05
0.0
0.0
0.0
0.0
0.0
0.0
0.0
3.770739064856712e-05
3.770739064856712e-05
0.0
3.770739064856712e-05
0.0
0.0
0.0
0.0
0.0
0.0
3.770739064856712e-05
7.541478129713424e-05
3.770739064856712e-05
7.541478129713424e-05
0.0
0.0
0.0
0.0001885369532428356
3.770739064856712e-05
3.770739064856712e-05
0.0
0.0
7.541478129713424e-05
7.541478129713424e-05
3.770739064856712e-05
0.0
3.770739064856712e-05
0.00011312217194570136
7.541478129713424e-05
0.0
7.541478129713424e-05
0.0
3.770739064856712e-05
3.770739064856712e-05
0.00011312217194570136
0.0
0.0
0.0
3.770739064856712e-05
0.0
0.0
0.00033936651583710406
0.0
0.0
0.0
0.0
0.0
0.0
0.0
0.0
0.0
3.770739064856712e-05
7.541478129713424e-05
0.0
0.0
0.0
0.0
0.0
0.0
0.0
0.0
0.0
3.770739064856712e-05
3.770739064856712e-05
0.0
3.770739064856712e-05
0.0
3.770739064856712e-05
7.541478129713424e-05
3.770739064856712e-05
3.770739064856712e-05
7.541478129713424e-05
7.541478129713424e-05
7.541478129713424e-05
7.541478129713424e-05
3.770739064856712e-05
0.0
3.770739064856712e-05
7.541478129713424e-05
3.770739064856712e-05
0.0
7.541478129713424e-05
7.541478129713424e-05
3.770739064856712e-05
3.770739064856712e-05
0.0
0.0
3.770739064856712e-05
0.0
0.0
0.0
0.0
0.0
0.0
0.0008295625942684766
0.0
0.0
0.0
3.770739064856712e-05
0.0
0.0
0.0
0.0
0.0
3.770739064856712e-05
7.541478129713424e-05
0.0
0.0
7.541478129713424e-05
0.0
0.0
0.0
3.770739064856712e-05
7.541478129713424e-05
0.0
3.770739064856712e-05
3.770739064856712e-05
3.770739064856712e-05
0.0
0.0
0.0
0.0
0.0
0.0
0.0
3.770739064856712e-05
0.0
3.770739064856712e-05
0.0
3.770739064856712e-05
0.0
7.541478129713424e-05
3.770739064856712e-05
0.0
0.0
3.770739064856712e-05
0.0
0.0
0.0
7.541478129713424e-05
0.0
0.0
3.770739064856712e-05
0.0
0.0
0.0
0.0
0.0007164404223227752
3.770739064856712e-05
0.0
0.0
0.0
3.770739064856712e-05
0.0
0.0
3.770739064856712e-05
3.770739064856712e-05
0.0
0.0
3.770739064856712e-05
3.770739064856712e-05
3.770739064856712e-05
3.770739064856712e-05
0.0
3.770739064856712e-05
0.0
0.0
0.0
0.0
3.770739064856712e-05
0.0
7.541478129713424e-05
0.0
3.770739064856712e-05
3.770739064856712e-05
7.541478129713424e-05
0.0
3.770739064856712e-05
3.770739064856712e-05
0.0
0.00011312217194570136
0.0
0.0
0.0
3.770739064856712e-05
3.770739064856712e-05
0.00015082956259426848
3.770739064856712e-05
0.00011312217194570136
3.770739064856712e-05
0.0
0.0
0.0
0.0
0.0
0.0
3.770739064856712e-05
0.0
0.0
0.0
0.0012066365007541479
0.0
0.0
0.0
0.0
0.0
0.0
0.0
0.0
0.0
0.0
3.770739064856712e-05
0.0
0.0
3.770739064856712e-05
3.770739064856712e-05
0.0
0.0
0.0
0.0
7.541478129713424e-05
0.0
3.770739064856712e-05
0.0
0.0
3.770739064856712e-05
0.0
3.770739064856712e-05
3.770739064856712e-05
7.541478129713424e-05
0.0
0.00011312217194570136
0.0
0.0
0.00011312217194570136
0.00011312217194570136
3.770739064856712e-05
7.541478129713424e-05
7.541478129713424e-05
3.770739064856712e-05
3.770739064856712e-05
0.00011312217194570136
0.0
3.770739064856712e-05
0.0
0.0
0.0
0.0
0.0
0.0
0.0
0.0
0.0
0.0007164404223227752
0.0
0.0
0.0
0.0
0.0
0.0
0.0
3.770739064856712e-05
3.770739064856712e-05
0.0
3.770739064856712e-05
0.0
3.770739064856712e-05
0.0
0.0
0.0
3.770739064856712e-05
3.770739064856712e-05
3.770739064856712e-05
0.0
7.541478129713424e-05
3.770739064856712e-05
3.770739064856712e-05
7.541478129713424e-05
7.541478129713424e-05
3.770739064856712e-05
7.541478129713424e-05
0.0
7.541478129713424e-05
0.0
7.541478129713424e-05
0.00011312217194570136
3.770739064856712e-05
3.770739064856712e-05
3.770739064856712e-05
0.0
3.770739064856712e-05
3.770739064856712e-05
0.0
7.541478129713424e-05
0.00011312217194570136
3.770739064856712e-05
0.0
0.0
0.0
0.0
0.0
0.0
0.0
0.0
0.0
0.0
0.0011689291101055807
0.0
0.0
0.0
0.0
3.770739064856712e-05
7.541478129713424e-05
3.770739064856712e-05
3.770739064856712e-05
0.0
0.0
3.770739064856712e-05
0.0
0.0
3.770739064856712e-05
0.0
0.0
0.00011312217194570136
7.541478129713424e-05
3.770739064856712e-05
3.770739064856712e-05
3.770739064856712e-05
0.0
0.00015082956259426848
0.0
3.770739064856712e-05
3.770739064856712e-05
3.770739064856712e-05
3.770739064856712e-05
0.00015082956259426848
3.770739064856712e-05
0.00011312217194570136
0.0
0.00011312217194570136
7.541478129713424e-05
3.770739064856712e-05
0.00022624434389140272
0.00011312217194570136
0.0
7.541478129713424e-05
3.770739064856712e-05
3.770739064856712e-05
0.0
0.0
0.0
0.0
0.0
0.0
0.0
0.0
0.0
0.0
0.0
0.001583710407239819
7.541478129713424e-05
0.0
0.0
0.0
0.0
0.0
0.0
0.0
7.541478129713424e-05
3.770739064856712e-05
0.0
3.770739064856712e-05
0.0
3.770739064856712e-05
7.541478129713424e-05
0.0
0.00011312217194570136
7.541478129713424e-05
0.0
3.770739064856712e-05
7.541478129713424e-05
0.00011312217194570136
3.770739064856712e-05
0.0
7.541478129713424e-05
7.541478129713424e-05
3.770739064856712e-05
7.541478129713424e-05
3.770739064856712e-05
0.00011312217194570136
7.541478129713424e-05
3.770739064856712e-05
7.541478129713424e-05
3.770739064856712e-05
7.541478129713424e-05
0.00015082956259426848
3.770739064856712e-05
0.00022624434389140272
0.0
3.770739064856712e-05
0.0
3.770739064856712e-05
0.0
0.0
0.0
0.0
0.0
0.0
0.0
0.0
0.0
0.0
0.0015460030165912518
3.770739064856712e-05
0.0
3.770739064856712e-05
0.0
3.770739064856712e-05
0.0
0.0
0.0
3.770739064856712e-05
3.770739064856712e-05
3.770739064856712e-05
0.0
0.0
0.0
3.770739064856712e-05
3.770739064856712e-05
0.0
0.00011312217194570136
7.541478129713424e-05
0.00011312217194570136
7.541478129713424e-05
3.770739064856712e-05
7.541478129713424e-05
0.0
7.541478129713424e-05
7.541478129713424e-05
7.541478129713424e-05
0.00015082956259426848
0.0
0.00015082956259426848
0.00011312217194570136
7.541478129713424e-05
0.0001885369532428356
0.00011312217194570136
7.541478129713424e-05
7.541478129713424e-05
0.00011312217194570136
0.0001885369532428356
3.770739064856712e-05
0.0
0.0
0.0
0.0
0.0
0.0
0.0
0.0
0.0
0.0
0.0
0.0
0.0
0.00196078431372549
7.541478129713424e-05
0.0
0.0
0.0
0.0
0.0
0.0
0.0
0.0
7.541478129713424e-05
3.770739064856712e-05
0.0
0.0
0.0
7.541478129713424e-05
0.00011312217194570136
3.770739064856712e-05
0.00011312217194570136
0.0
0.00015082956259426848
0.00011312217194570136
7.541478129713424e-05
7.541478129713424e-05
7.541478129713424e-05
3.770739064856712e-05
7.541478129713424e-05
0.00011312217194570136
0.0001885369532428356
0.00011312217194570136
7.541478129713424e-05
7.541478129713424e-05
7.541478129713424e-05
0.0001885369532428356
7.541478129713424e-05
0.0
0.00022624434389140272
0.00015082956259426848
3.770739064856712e-05
0.0
0.0
0.0
0.0
0.0
0.0
0.0
3.770739064856712e-05
0.0
0.0
0.0
0.0
3.770739064856712e-05
0.0
0.0024886877828054297
0.0
0.0
0.0
0.0
3.770739064856712e-05
0.0
0.0
0.0
0.00011312217194570136
0.0
3.770739064856712e-05
3.770739064856712e-05
3.770739064856712e-05
7.541478129713424e-05
3.770739064856712e-05
3.770739064856712e-05
7.541478129713424e-05
7.541478129713424e-05
0.00011312217194570136
3.770739064856712e-05
7.541478129713424e-05
0.0
3.770739064856712e-05
7.541478129713424e-05
0.00015082956259426848
0.0001885369532428356
0.00011312217194570136
7.541478129713424e-05
7.541478129713424e-05
3.770739064856712e-05
7.541478129713424e-05
0.0
0.00022624434389140272
3.770739064856712e-05
0.00011312217194570136
3.770739064856712e-05
0.0002639517345399698
0.0
0.0
0.0
0.0
0.0
7.541478129713424e-05
0.0
3.770739064856712e-05
0.0
0.0
0.0
0.0
0.0
0.0
0.0
0.0023001508295625943
0.0
3.770739064856712e-05
0.0
7.541478129713424e-05
3.770739064856712e-05
3.770739064856712e-05
0.0
0.0
3.770739064856712e-05
7.541478129713424e-05
3.770739064856712e-05
0.00011312217194570136
7.541478129713424e-05
3.770739064856712e-05
0.00015082956259426848
3.770739064856712e-05
7.541478129713424e-05
0.00011312217194570136
0.00011312217194570136
0.00011312217194570136
0.00011312217194570136
0.00022624434389140272
7.541478129713424e-05
0.00011312217194570136
0.00011312217194570136
0.00015082956259426848
0.00015082956259426848
0.00030165912518853697
0.00015082956259426848
0.00015082956259426848
0.00015082956259426848
0.0002639517345399698
0.00015082956259426848
0.00011312217194570136
7.541478129713424e-05
0.00011312217194570136
0.0
0.0
0.0
0.0
0.0
7.541478129713424e-05
0.0
0.0
0.0
0.0
0.0
0.0
0.0
3.770739064856712e-05
0.0
0.0
0.002790346907993967
0.0
3.770739064856712e-05
0.0
3.770739064856712e-05
0.0
0.0
0.00015082956259426848
3.770739064856712e-05
3.770739064856712e-05
7.541478129713424e-05
0.0
3.770739064856712e-05
0.0
0.00011312217194570136
0.00015082956259426848
3.770739064856712e-05
0.00011312217194570136
0.00015082956259426848
0.00011312217194570136
0.00011312217194570136
0.00030165912518853697
3.770739064856712e-05
0.00011312217194570136
0.0001885369532428356
0.0001885369532428356
3.770739064856712e-05
0.0002639517345399698
0.0002639517345399698
0.0002639517345399698
3.770739064856712e-05
0.00011312217194570136
0.00011312217194570136
0.00015082956259426848
0.00011312217194570136
0.00011312217194570136
7.541478129713424e-05
0.0
0.0
0.0
0.0
0.0
0.0
0.0
0.0
0.0
0.0
0.0
0.0
0.0
0.0
0.0
0.0
0.004260935143288084
0.0
3.770739064856712e-05
3.770739064856712e-05
0.0
3.770739064856712e-05
3.770739064856712e-05
3.770739064856712e-05
7.541478129713424e-05
0.00011312217194570136
0.0
7.541478129713424e-05
0.0001885369532428356
0.0
7.541478129713424e-05
0.00011312217194570136
0.00011312217194570136
0.00011312217194570136
3.770739064856712e-05
0.0001885369532428356
0.00011312217194570136
0.00011312217194570136
0.0001885369532428356
0.00022624434389140272
0.00022624434389140272
3.770739064856712e-05
3.770739064856712e-05
0.00015082956259426848
0.00033936651583710406
0.00011312217194570136
0.00022624434389140272
0.0001885369532428356
0.00015082956259426848
0.00011312217194570136
0.00015082956259426848
0.00011312217194570136
0.0
0.0
0.0
0.0
0.0
3.770739064856712e-05
3.770739064856712e-05
3.770739064856712e-05
0.0
0.0
0.0
0.0
3.770739064856712e-05
0.0
0.0
0.0
0.0
0.003808446455505279
0.0
0.0
3.770739064856712e-05
7.541478129713424e-05
0.0
0.0
7.541478129713424e-05
0.0
7.541478129713424e-05
7.541478129713424e-05
3.770739064856712e-05
0.00011312217194570136
0.00015082956259426848
3.770739064856712e-05
0.00015082956259426848
3.770739064856712e-05
0.00015082956259426848
0.00011312217194570136
0.00011312217194570136
0.00030165912518853697
0.00015082956259426848
7.541478129713424e-05
0.00011312217194570136
0.0002639517345399698
0.0002639517345399698
0.00011312217194570136
0.00030165912518853697
0.0001885369532428356
0.00015082956259426848
0.0001885369532428356
7.541478129713424e-05
0.00015082956259426848
0.00011312217194570136
3.770739064856712e-05
0.0
0.0
0.0
0.0
0.0
0.0
0.0
3.770739064856712e-05
0.0
0.0
3.770739064856712e-05
3.770739064856712e-05
0.0
0.0
0.0
0.0
0.0
0.0
0.004600301659125189
0.00011312217194570136
7.541478129713424e-05
0.00011312217194570136
0.0
0.00011312217194570136
0.00011312217194570136
3.770739064856712e-05
0.0
0.00011312217194570136
3.770739064856712e-05
3.770739064856712e-05
7.541478129713424e-05
0.00015082956259426848
0.00022624434389140272
0.00015082956259426848
3.770739064856712e-05
3.770739064856712e-05
0.0002639517345399698
0.00011312217194570136
0.00022624434389140272
0.00022624434389140272
0.00022624434389140272
0.0003770739064856712
0.00015082956259426848
0.00015082956259426848
0.00022624434389140272
0.00022624434389140272
0.00015082956259426848
0.0002639517345399698
0.00033936651583710406
7.541478129713424e-05
0.0002639517345399698
0.00015082956259426848
0.0
3.770739064856712e-05
3.770739064856712e-05
3.770739064856712e-05
0.0
0.0
3.770739064856712e-05
3.770739064856712e-05
0.0
0.0
3.770739064856712e-05
3.770739064856712e-05
3.770739064856712e-05
0.0
0.0
0.0
0.0
0.0
0.0
0.0055052790346908
0.00015082956259426848
0.00011312217194570136
7.541478129713424e-05
7.541478129713424e-05
7.541478129713424e-05
3.770739064856712e-05
7.541478129713424e-05
0.0
0.00011312217194570136
0.00015082956259426848
7.541478129713424e-05
0.00011312217194570136
0.00022624434389140272
7.541478129713424e-05
7.541478129713424e-05
0.00022624434389140272
0.0002639517345399698
0.00015082956259426848
0.00015082956259426848
0.00030165912518853697
0.00022624434389140272
0.0002639517345399698
0.00030165912518853697
0.00022624434389140272
0.00030165912518853697
0.0001885369532428356
0.00033936651583710406
0.00045248868778280545
0.00015082956259426848
0.00015082956259426848
0.0002639517345399698
0.00011312217194570136
7.541478129713424e-05
0.0
0.0
0.0
0.0
0.0
0.0
0.0
0.0
0.0
0.0
7.541478129713424e-05
3.770739064856712e-05
0.0
0.0
0.0
0.0
3.770739064856712e-05
0.0
0.0
0.005165912518853695
3.770739064856712e-05
3.770739064856712e-05
3.770739064856712e-05
0.0
7.541478129713424e-05
0.00015082956259426848
7.541478129713424e-05
7.541478129713424e-05
0.00011312217194570136
7.541478129713424e-05
0.0002639517345399698
0.0002639517345399698
7.541478129713424e-05
0.00022624434389140272
0.00011312217194570136
7.541478129713424e-05
0.00015082956259426848
0.0001885369532428356
0.00015082956259426848
0.00011312217194570136
0.00030165912518853697
0.0001885369532428356
0.00030165912518853697
0.0002639517345399698
0.00011312217194570136
0.0002639517345399698
0.0002639517345399698
0.0002639517345399698
0.00011312217194570136
0.00011312217194570136
0.00011312217194570136
0.0
0.0
0.0
0.0
3.770739064856712e-05
0.0
3.770739064856712e-05
7.541478129713424e-05
7.541478129713424e-05
7.541478129713424e-05
7.541478129713424e-05
0.0
3.770739064856712e-05
0.0
3.770739064856712e-05
0.0
0.0
0.0
0.0
0.0
0.0
0.005090497737556561
0.0
0.0
7.541478129713424e-05
7.541478129713424e-05
0.0001885369532428356
7.541478129713424e-05
0.00011312217194570136
0.00015082956259426848
0.00015082956259426848
3.770739064856712e-05
0.0001885369532428356
0.0001885369532428356
7.541478129713424e-05
7.541478129713424e-05
0.00022624434389140272
0.00022624434389140272
0.0003770739064856712
0.00022624434389140272
0.00030165912518853697
0.0001885369532428356
0.00022624434389140272
0.0003770739064856712
0.0001885369532428356
0.00033936651583710406
0.0003770739064856712
0.00030165912518853697
0.00022624434389140272
0.0001885369532428356
0.00030165912518853697
0.00011312217194570136
0.0
3.770739064856712e-05
0.0
0.0
0.0
0.0
0.0
0.00011312217194570136
3.770739064856712e-05
0.0
0.0
7.541478129713424e-05
3.770739064856712e-05
7.541478129713424e-05
0.0
3.770739064856712e-05
0.0
7.541478129713424e-05
0.00011312217194570136
0.0
0.0
0.0
0.006900452488687783
0.0001885369532428356
7.541478129713424e-05
0.00011312217194570136
0.00015082956259426848
0.00015082956259426848
7.541478129713424e-05
0.0001885369532428356
0.0001885369532428356
0.00015082956259426848
0.00022624434389140272
0.00015082956259426848
7.541478129713424e-05
0.0002639517345399698
0.0001885369532428356
0.0002639517345399698
0.0001885369532428356
0.00022624434389140272
0.0002639517345399698
0.00030165912518853697
0.0004147812971342383
0.00022624434389140272
0.0002639517345399698
0.0003770739064856712
0.0003770739064856712
0.00030165912518853697
0.00022624434389140272
0.00030165912518853697
0.0001885369532428356
0.00015082956259426848
3.770739064856712e-05
0.0
7.541478129713424e-05
0.0
3.770739064856712e-05
0.0
7.541478129713424e-05
3.770739064856712e-05
0.0
3.770739064856712e-05
0.0
3.770739064856712e-05
0.0
3.770739064856712e-05
0.0
0.00011312217194570136
0.0
3.770739064856712e-05
0.0
3.770739064856712e-05
7.541478129713424e-05
3.770739064856712e-05
0.0
0.00784313725490196
0.00015082956259426848
0.00011312217194570136
3.770739064856712e-05
7.541478129713424e-05
0.00015082956259426848
3.770739064856712e-05
0.0
0.0001885369532428356
0.00022624434389140272
0.00011312217194570136
0.00015082956259426848
0.0
0.0004147812971342383
0.0002639517345399698
3.770739064856712e-05
0.00022624434389140272
0.00015082956259426848
0.00022624434389140272
0.0002639517345399698
0.00022624434389140272
0.0001885369532428356
0.00033936651583710406
0.00030165912518853697
0.00022624434389140272
0.00030165912518853697
0.0001885369532428356
0.0
3.770739064856712e-05
3.770739064856712e-05
0.0
0.00011312217194570136
0.00011312217194570136
0.0
3.770739064856712e-05
7.541478129713424e-05
0.0
0.0
3.770739064856712e-05
0.0
0.0
0.0
3.770739064856712e-05
7.541478129713424e-05
3.770739064856712e-05
0.0
3.770739064856712e-05
3.770739064856712e-05
0.0
3.770739064856712e-05
3.770739064856712e-05
0.0
0.0
0.008069381598793364
0.0002639517345399698
0.00011312217194570136
0.00015082956259426848
0.0001885369532428356
0.00015082956259426848
3.770739064856712e-05
0.00030165912518853697
0.0001885369532428356
0.0001885369532428356
0.00015082956259426848
0.00015082956259426848
0.00022624434389140272
0.00022624434389140272
0.0001885369532428356
0.0001885369532428356
0.00030165912518853697
0.0004147812971342383
0.00033936651583710406
0.0002639517345399698
0.0006787330316742081
0.00030165912518853697
0.0003770739064856712
0.00015082956259426848
0.00033936651583710406
0.00022624434389140272
0.0002639517345399698
0.00015082956259426848
3.770739064856712e-05
0.0
7.541478129713424e-05
0.0
7.541478129713424e-05
0.0
0.00011312217194570136
3.770739064856712e-05
3.770739064856712e-05
3.770739064856712e-05
7.541478129713424e-05
7.541478129713424e-05
0.0
3.770739064856712e-05
0.0
3.770739064856712e-05
3.770739064856712e-05
3.770739064856712e-05
0.0
7.541478129713424e-05
7.541478129713424e-05
3.770739064856712e-05
0.0
7.541478129713424e-05
0.0
0.008748114630467572
0.0001885369532428356
0.00011312217194570136
7.541478129713424e-05
7.541478129713424e-05
0.00033936651583710406
0.00033936651583710406
0.0001885369532428356
0.00022624434389140272
0.00011312217194570136
0.00030165912518853697
0.0003770739064856712
0.00022624434389140272
0.00030165912518853697
0.00011312217194570136
0.0003770739064856712
0.0005656108597285068
0.00030165912518853697
0.0002639517345399698
0.0002639517345399698
0.0001885369532428356
0.0001885369532428356
0.00022624434389140272
0.00030165912518853697
0.00015082956259426848
0.0003770739064856712
0.00011312217194570136
0.0
3.770739064856712e-05
0.00011312217194570136
0.0
0.0
0.0
0.00011312217194570136
3.770739064856712e-05
3.770739064856712e-05
3.770739064856712e-05
0.0
7.541478129713424e-05
0.00011312217194570136
0.0
7.541478129713424e-05
7.541478129713424e-05
0.00015082956259426848
3.770739064856712e-05
3.770739064856712e-05
3.770739064856712e-05
7.541478129713424e-05
0.0
3.770739064856712e-05
3.770739064856712e-05
0.0
0.0
0.010633484162895928
0.00022624434389140272
0.00011312217194570136
0.0
0.00015082956259426848
0.00011312217194570136
0.0003770739064856712
0.00011312217194570136
0.00011312217194570136
0.0002639517345399698
0.0004901960784313725
0.00030165912518853697
0.0004147812971342383
0.0001885369532428356
0.0002639517345399698
0.00045248868778280545
0.00030165912518853697
0.00030165912518853697
0.00030165912518853697
0.00030165912518853697
0.0004901960784313725
0.0001885369532428356
0.00022624434389140272
0.00022624434389140272
0.00015082956259426848
0.00011312217194570136
0.0
3.770739064856712e-05
3.770739064856712e-05
0.0
0.0
3.770739064856712e-05
0.0
0.00011312217194570136
0.00011312217194570136
3.770739064856712e-05
3.770739064856712e-05
0.00015082956259426848
0.0
7.541478129713424e-05
0.00011312217194570136
7.541478129713424e-05
7.541478129713424e-05
0.00022624434389140272
0.0
3.770739064856712e-05
7.541478129713424e-05
3.770739064856712e-05
7.541478129713424e-05
0.0
0.00011312217194570136
3.770739064856712e-05
0.0
0.011463046757164403
0.00011312217194570136
0.0002639517345399698
0.00015082956259426848
0.00030165912518853697
0.00022624434389140272
0.0001885369532428356
0.00022624434389140272
0.00011312217194570136
0.0002639517345399698
0.0003770739064856712
0.0003770739064856712
7.541478129713424e-05
0.0002639517345399698
0.0001885369532428356
0.00045248868778280545
0.0004147812971342383
0.0003770739064856712
0.00030165912518853697
0.00033936651583710406
0.0003770739064856712
0.0001885369532428356
0.00030165912518853697
0.00022624434389140272
0.0
0.0
3.770739064856712e-05
7.541478129713424e-05
0.00011312217194570136
3.770739064856712e-05
0.0
3.770739064856712e-05
3.770739064856712e-05
3.770739064856712e-05
3.770739064856712e-05
0.00011312217194570136
3.770739064856712e-05
7.541478129713424e-05
3.770739064856712e-05
0.00015082956259426848
7.541478129713424e-05
7.541478129713424e-05
0.00015082956259426848
0.0001885369532428356
3.770739064856712e-05
0.00011312217194570136
3.770739064856712e-05
0.00011312217194570136
0.00015082956259426848
3.770739064856712e-05
0.00022624434389140272
0.0
0.0
0.012330316742081448
0.00015082956259426848
0.00011312217194570136
0.00015082956259426848
0.0001885369532428356
0.0002639517345399698
0.0001885369532428356
0.00015082956259426848
0.00045248868778280545
0.0004147812971342383
0.00011312217194570136
0.00030165912518853697
0.00030165912518853697
0.00030165912518853697
0.0003770739064856712
0.0005656108597285068
0.0002639517345399698
0.0002639517345399698
0.00033936651583710406
0.00011312217194570136
0.0003770739064856712
0.00015082956259426848
0.0002639517345399698
3.770739064856712e-05
3.770739064856712e-05
0.0
0.0
0.0
3.770739064856712e-05
3.770739064856712e-05
3.770739064856712e-05
0.00011312217194570136
0.00011312217194570136
3.770739064856712e-05
0.0
7.541478129713424e-05
0.0001885369532428356
7.541478129713424e-05
7.541478129713424e-05
3.770739064856712e-05
7.541478129713424e-05
0.00011312217194570136
0.00015082956259426848
0.00011312217194570136
7.541478129713424e-05
3.770739064856712e-05
0.0
0.00011312217194570136
3.770739064856712e-05
7.541478129713424e-05
0.0
3.770739064856712e-05
0.0
0.012594268476621418
0.0001885369532428356
0.0002639517345399698
0.0001885369532428356
0.0001885369532428356
0.0001885369532428356
0.0003770739064856712
0.00045248868778280545
0.0007541478129713424
0.0004147812971342383
0.0002639517345399698
0.00022624434389140272
0.00030165912518853697
0.00030165912518853697
0.00045248868778280545
0.00030165912518853697
0.00015082956259426848
0.0004901960784313725
0.00045248868778280545
0.0002639517345399698
0.00033936651583710406
0.0001885369532428356
3.770739064856712e-05
3.770739064856712e-05
3.770739064856712e-05
0.0
0.0
3.770739064856712e-05
7.541478129713424e-05
3.770739064856712e-05
0.00015082956259426848
7.541478129713424e-05
0.0
7.541478129713424e-05
3.770739064856712e-05
3.770739064856712e-05
3.770739064856712e-05
7.541478129713424e-05
3.770739064856712e-05
0.00022624434389140272
3.770739064856712e-05
0.00011312217194570136
0.00011312217194570136
0.00011312217194570136
7.541478129713424e-05
7.541478129713424e-05
0.00015082956259426848
0.00011312217194570136
0.00015082956259426848
3.770739064856712e-05
7.541478129713424e-05
7.541478129713424e-05
0.0
0.01334841628959276
0.00015082956259426848
0.00033936651583710406
0.0002639517345399698
0.0002639517345399698
0.00030165912518853697
0.00030165912518853697
0.0006033182503770739
0.0005279034690799396
0.0004147812971342383
0.00022624434389140272
0.000641025641025641
0.00045248868778280545
0.0001885369532428356
0.0002639517345399698
0.0002639517345399698
0.0005279034690799396
0.0002639517345399698
0.00011312217194570136
0.0001885369532428356
0.00015082956259426848
7.541478129713424e-05
0.0
3.770739064856712e-05
3.770739064856712e-05
3.770739064856712e-05
3.770739064856712e-05
7.541478129713424e-05
0.0
0.0
7.541478129713424e-05
0.00015082956259426848
7.541478129713424e-05
0.00011312217194570136
0.00011312217194570136
0.00015082956259426848
0.00015082956259426848
0.00011312217194570136
0.00011312217194570136
3.770739064856712e-05
0.00015082956259426848
7.541478129713424e-05
0.00015082956259426848
0.00033936651583710406
0.00011312217194570136
0.00011312217194570136
0.0002639517345399698
0.0001885369532428356
3.770739064856712e-05
3.770739064856712e-05
3.770739064856712e-05
0.0
0.0
0.015610859728506787
0.00033936651583710406
0.00033936651583710406
0.0004147812971342383
0.0003770739064856712
0.0006787330316742081
0.00030165912518853697
0.00033936651583710406
0.00022624434389140272
0.0001885369532428356
0.00033936651583710406
0.00022624434389140272
0.00030165912518853697
0.0001885369532428356
0.00022624434389140272
0.00022624434389140272
0.00015082956259426848
0.00033936651583710406
0.00011312217194570136
0.00022624434389140272
0.0
3.770739064856712e-05
0.0
0.0
0.0001885369532428356
0.0
7.541478129713424e-05
7.541478129713424e-05
3.770739064856712e-05
3.770739064856712e-05
0.00011312217194570136
0.00015082956259426848
0.00011312217194570136
0.00011312217194570136
7.541478129713424e-05
3.770739064856712e-05
0.00022624434389140272
7.541478129713424e-05
7.541478129713424e-05
3.770739064856712e-05
0.00011312217194570136
0.00011312217194570136
0.0001885369532428356
0.00011312217194570136
0.00022624434389140272
0.00015082956259426848
0.00011312217194570136
0.00015082956259426848
0.0001885369532428356
7.541478129713424e-05
7.541478129713424e-05
3.770739064856712e-05
0.0
0.016214177978883863
0.0003770739064856712
0.0002639517345399698
0.0004147812971342383
0.0006033182503770739
0.0006787330316742081
0.000641025641025641
0.0004901960784313725
0.00045248868778280545
0.0004901960784313725
0.0004901960784313725
0.0003770739064856712
0.00045248868778280545
0.0002639517345399698
0.00033936651583710406
0.00030165912518853697
0.0003770739064856712
0.0003770739064856712
0.00015082956259426848
7.541478129713424e-05
0.0
0.0
0.0
3.770739064856712e-05
3.770739064856712e-05
3.770739064856712e-05
3.770739064856712e-05
7.541478129713424e-05
3.770739064856712e-05
0.0
0.00011312217194570136
0.00011312217194570136
3.770739064856712e-05
0.00011312217194570136
0.0001885369532428356
3.770739064856712e-05
0.0001885369532428356
7.541478129713424e-05
3.770739064856712e-05
0.00011312217194570136
0.00015082956259426848
0.00030165912518853697
0.0002639517345399698
3.770739064856712e-05
7.541478129713424e-05
0.00022624434389140272
0.00022624434389140272
0.0001885369532428356
0.00022624434389140272
3.770739064856712e-05
0.00015082956259426848
7.541478129713424e-05
0.0
0.017458521870286577
0.0004901960784313725
0.0004147812971342383
0.000641025641025641
0.00045248868778280545
0.0005279034690799396
0.0006787330316742081
0.0003770739064856712
0.0004147812971342383
0.0001885369532428356
0.00045248868778280545
0.00033936651583710406
0.00030165912518853697
0.0003770739064856712
0.0002639517345399698
0.0001885369532428356
0.00022624434389140272
0.00022624434389140272
0.0
0.0
7.541478129713424e-05
0.0
0.0
0.0
0.0
3.770739064856712e-05
0.0
7.541478129713424e-05
3.770739064856712e-05
0.0
7.541478129713424e-05
0.00011312217194570136
3.770739064856712e-05
0.00011312217194570136
0.00015082956259426848
7.541478129713424e-05
7.541478129713424e-05
0.00015082956259426848
0.00022624434389140272
0.0001885369532428356
0.00015082956259426848
0.0002639517345399698
0.0001885369532428356
0.00022624434389140272
0.00022624434389140272
0.00015082956259426848
0.00015082956259426848
3.770739064856712e-05
0.00011312217194570136
0.00015082956259426848
3.770739064856712e-05
3.770739064856712e-05
0.0
0.018552036199095023
0.0004147812971342383
0.0004901960784313725
0.0007164404223227752
0.000980392156862745
0.000641025641025641
0.0004901960784313725
0.0007164404223227752
0.0004901960784313725
0.00030165912518853697
0.00045248868778280545
0.0003770739064856712
0.00030165912518853697
0.0002639517345399698
0.00011312217194570136
0.00022624434389140272
0.0001885369532428356
0.0
3.770739064856712e-05
3.770739064856712e-05
0.0
0.0
0.0
0.0
3.770739064856712e-05
0.0
0.00011312217194570136
0.0
0.00011312217194570136
7.541478129713424e-05
0.00015082956259426848
0.00022624434389140272
0.00011312217194570136
7.541478129713424e-05
0.00011312217194570136
0.00022624434389140272
3.770739064856712e-05
0.0001885369532428356
0.00015082956259426848
0.00022624434389140272
0.00015082956259426848
0.0001885369532428356
0.0002639517345399698
0.00015082956259426848
0.0001885369532428356
0.00030165912518853697
0.0001885369532428356
3.770739064856712e-05
0.00022624434389140272
7.541478129713424e-05
3.770739064856712e-05
0.0
0.0
0.01843891402714932
0.0006787330316742081
0.000641025641025641
0.0007164404223227752
0.0004901960784313725
0.00045248868778280545
0.0004147812971342383
0.0004901960784313725
0.0002639517345399698
0.0004147812971342383
0.0004901960784313725
0.00033936651583710406
0.00015082956259426848
0.00011312217194570136
7.541478129713424e-05
0.00011312217194570136
3.770739064856712e-05
7.541478129713424e-05
0.0
7.541478129713424e-05
0.0
3.770739064856712e-05
0.0
0.0
0.0
0.0
0.00015082956259426848
7.541478129713424e-05
3.770739064856712e-05
7.541478129713424e-05
7.541478129713424e-05
0.0001885369532428356
7.541478129713424e-05
0.00030165912518853697
0.0001885369532428356
0.00022624434389140272
0.0001885369532428356
0.0002639517345399698
0.00033936651583710406
0.0001885369532428356
0.00030165912518853697
0.0001885369532428356
0.00011312217194570136
0.00015082956259426848
0.0001885369532428356
0.0003770739064856712
0.00022624434389140272
0.0002639517345399698
3.770739064856712e-05
0.0001885369532428356
3.770739064856712e-05
0.0
0.0
0.018778280542986425
0.0004901960784313725
0.0005656108597285068
0.0005656108597285068
0.0006787330316742081
0.0009049773755656109
0.0005656108597285068
0.00030165912518853697
0.0003770739064856712
0.0005279034690799396
0.0004147812971342383
0.00033936651583710406
0.00022624434389140272
0.0001885369532428356
0.0001885369532428356
7.541478129713424e-05
0.0
3.770739064856712e-05
7.541478129713424e-05
3.770739064856712e-05
7.541478129713424e-05
7.541478129713424e-05
7.541478129713424e-05
0.0
3.770739064856712e-05
0.00011312217194570136
0.00011312217194570136
0.00015082956259426848
7.541478129713424e-05
0.0001885369532428356
0.00015082956259426848
0.00011312217194570136
0.00030165912518853697
0.00011312217194570136
0.00022624434389140272
0.0001885369532428356
0.0003770739064856712
0.00011312217194570136
0.0001885369532428356
0.0001885369532428356
0.0001885369532428356
0.00022624434389140272
0.00015082956259426848
0.0003770739064856712
0.00022624434389140272
0.00030165912518853697
3.770739064856712e-05
0.00030165912518853697
0.00011312217194570136
0.00011312217194570136
0.00015082956259426848
7.541478129713424e-05
0.0
0.018665158371040724
0.0006033182503770739
0.0007164404223227752
0.0004901960784313725
0.0005656108597285068
0.0005656108597285068
0.00045248868778280545
0.00033936651583710406
0.0002639517345399698
0.0003770739064856712
0.0001885369532428356
0.00030165912518853697
0.00022624434389140272
0.00015082956259426848
3.770739064856712e-05
0.0
0.0
0.0
7.541478129713424e-05
0.0
7.541478129713424e-05
0.0
3.770739064856712e-05
0.0
0.00011312217194570136
7.541478129713424e-05
3.770739064856712e-05
0.00011312217194570136
0.00011312217194570136
7.541478129713424e-05
0.0003770739064856712
0.00011312217194570136
0.0002639517345399698
0.00022624434389140272
0.0001885369532428356
7.541478129713424e-05
0.00022624434389140272
7.541478129713424e-05
0.0001885369532428356
0.0002639517345399698
0.0002639517345399698
0.0003770739064856712
0.0002639517345399698
0.0001885369532428356
0.00022624434389140272
0.00011312217194570136
0.00030165912518853697
0.00015082956259426848
0.00030165912518853697
7.541478129713424e-05
7.541478129713424e-05
3.770739064856712e-05
0.0
0.021153846153846155
0.0004147812971342383
0.000641025641025641
0.0007164404223227752
0.0004147812971342383
0.0001885369532428356
0.00045248868778280545
0.00033936651583710406
0.00033936651583710406
0.0002639517345399698
0.0001885369532428356
0.0001885369532428356
0.0001885369532428356
0.0
3.770739064856712e-05
0.0
0.0
3.770739064856712e-05
3.770739064856712e-05
7.541478129713424e-05
7.541478129713424e-05
7.541478129713424e-05
0.0
3.770739064856712e-05
7.541478129713424e-05
0.0001885369532428356
3.770739064856712e-05
3.770739064856712e-05
0.0001885369532428356
0.00022624434389140272
0.00033936651583710406
0.00022624434389140272
0.00022624434389140272
0.00022624434389140272
0.0004147812971342383
0.0003770739064856712
0.00022624434389140272
0.00022624434389140272
0.00022624434389140272
0.00022624434389140272
0.0002639517345399698
0.0003770739064856712
0.00022624434389140272
0.00011312217194570136
0.0002639517345399698
0.0002639517345399698
0.0001885369532428356
7.541478129713424e-05
7.541478129713424e-05
0.00015082956259426848
3.770739064856712e-05
0.0
0.0
0.022209653092006034
0.0007541478129713424
0.0007541478129713424
0.0004901960784313725
0.0003770739064856712
0.00030165912518853697
0.00030165912518853697
0.00015082956259426848
0.00011312217194570136
0.00015082956259426848
0.0001885369532428356
7.541478129713424e-05
3.770739064856712e-05
7.541478129713424e-05
0.0
0.0
0.0
7.541478129713424e-05
7.541478129713424e-05
0.0
7.541478129713424e-05
3.770739064856712e-05
0.00015082956259426848
0.00011312217194570136
0.00015082956259426848
3.770739064856712e-05
3.770739064856712e-05
0.00022624434389140272
7.541478129713424e-05
0.0001885369532428356
0.00015082956259426848
0.00033936651583710406
0.00015082956259426848
0.00030165912518853697
0.00033936651583710406
0.0002639517345399698
0.00022624434389140272
0.00033936651583710406
0.00033936651583710406
0.00011312217194570136
0.00015082956259426848
0.00015082956259426848
0.0001885369532428356
7.541478129713424e-05
0.00011312217194570136
0.00022624434389140272
0.00015082956259426848
0.00011312217194570136
3.770739064856712e-05
7.541478129713424e-05
3.770739064856712e-05
3.770739064856712e-05
0.0
0.025678733031674207
0.0007918552036199095
0.000641025641025641
0.0006033182503770739
0.0003770739064856712
0.0003770739064856712
0.00033936651583710406
7.541478129713424e-05
0.0001885369532428356
3.770739064856712e-05
0.00011312217194570136
0.0
7.541478129713424e-05
0.0
0.0
0.0
0.0
3.770739064856712e-05
3.770739064856712e-05
0.0
7.541478129713424e-05
7.541478129713424e-05
7.541478129713424e-05
0.0
7.541478129713424e-05
0.0
0.00015082956259426848
7.541478129713424e-05
0.00015082956259426848
0.0002639517345399698
0.0002639517345399698
0.00030165912518853697
0.0001885369532428356
0.0002639517345399698
0.0005656108597285068
0.00033936651583710406
0.0004147812971342383
0.00030165912518853697
0.0004901960784313725
0.0004147812971342383
7.541478129713424e-05
0.0004147812971342383
0.00022624434389140272
0.00022624434389140272
0.00011312217194570136
0.00011312217194570136
0.0001885369532428356
0.00022624434389140272
0.00030165912518853697
7.541478129713424e-05
0.00011312217194570136
3.770739064856712e-05
0.0
0.028054298642533938
0.0007918552036199095
0.0004901960784313725
0.0007541478129713424
0.00030165912518853697
0.0002639517345399698
0.00022624434389140272
0.00022624434389140272
0.00015082956259426848
0.00011312217194570136
0.00011312217194570136
3.770739064856712e-05
0.0
7.541478129713424e-05
3.770739064856712e-05
3.770739064856712e-05
3.770739064856712e-05
3.770739064856712e-05
0.0
3.770739064856712e-05
0.0
7.541478129713424e-05
0.00015082956259426848
0.00015082956259426848
3.770739064856712e-05
7.541478129713424e-05
0.00015082956259426848
0.00011312217194570136
0.0001885369532428356
0.00022624434389140272
0.0001885369532428356
0.00033936651583710406
0.0001885369532428356
0.0002639517345399698
0.0003770739064856712
0.00015082956259426848
0.0005279034690799396
7.541478129713424e-05
0.00033936651583710406
0.0005279034690799396
0.00011312217194570136
0.00030165912518853697
0.00022624434389140272
0.0002639517345399698
0.00015082956259426848
0.0002639517345399698
0.00015082956259426848
7.541478129713424e-05
3.770739064856712e-05
0.00015082956259426848
3.770739064856712e-05
3.770739064856712e-05
0.0
0.027828054298642532
0.0010558069381598793
0.0005279034690799396
0.0006787330316742081
0.00022624434389140272
0.00011312217194570136
0.00022624434389140272
0.00015082956259426848
0.00030165912518853697
3.770739064856712e-05
0.0
7.541478129713424e-05
7.541478129713424e-05
0.0
3.770739064856712e-05
0.0
0.00011312217194570136
7.541478129713424e-05
0.00015082956259426848
0.0
7.541478129713424e-05
7.541478129713424e-05
0.00011312217194570136
0.00015082956259426848
3.770739064856712e-05
0.00011312217194570136
0.00022624434389140272
0.00030165912518853697
0.0004147812971342383
0.0001885369532428356
0.0004901960784313725
0.0002639517345399698
0.00030165912518853697
0.0004147812971342383
0.0004147812971342383
0.00033936651583710406
0.0001885369532428356
0.0001885369532428356
0.0002639517345399698
0.0001885369532428356
0.00022624434389140272
0.0002639517345399698
0.00033936651583710406
0.00030165912518853697
0.00030165912518853697
0.0002639517345399698
7.541478129713424e-05
0.00030165912518853697
3.770739064856712e-05
3.770739064856712e-05
3.770739064856712e-05
0.0
0.0
0.02790346907993967
0.0007541478129713424
0.0005279034690799396
0.00033936651583710406
0.00033936651583710406
0.00015082956259426848
0.00033936651583710406
0.00011312217194570136
0.0
3.770739064856712e-05
0.0
0.0
3.770739064856712e-05
3.770739064856712e-05
0.0
3.770739064856712e-05
0.0
7.541478129713424e-05
7.541478129713424e-05
3.770739064856712e-05
0.00011312217194570136
3.770739064856712e-05
0.0001885369532428356
7.541478129713424e-05
0.00022624434389140272
0.00011312217194570136
0.00015082956259426848
0.00022624434389140272
0.0002639517345399698
0.0004147812971342383
0.00033936651583710406
0.00033936651583710406
0.00015082956259426848
0.00030165912518853697
0.0003770739064856712
0.0003770739064856712
0.0004147812971342383
0.0002639517345399698
0.0001885369532428356
0.00030165912518853697
0.00015082956259426848
0.00030165912518853697
0.00045248868778280545
0.00022624434389140272
0.00015082956259426848
0.00030165912518853697
0.00015082956259426848
3.770739064856712e-05
0.0001885369532428356
3.770739064856712e-05
0.0
0.0
0.0
0.029487179487179487
0.0007164404223227752
0.0006787330316742081
0.0006033182503770739
0.0002639517345399698
0.00030165912518853697
0.0002639517345399698
0.00011312217194570136
3.770739064856712e-05
0.0
0.0
0.00011312217194570136
0.00011312217194570136
3.770739064856712e-05
3.770739064856712e-05
0.0
7.541478129713424e-05
0.0
0.00011312217194570136
3.770739064856712e-05
0.0
7.541478129713424e-05
7.541478129713424e-05
7.541478129713424e-05
0.00011312217194570136
0.00030165912518853697
0.00015082956259426848
0.0001885369532428356
0.0003770739064856712
0.00015082956259426848
0.0002639517345399698
0.0004147812971342383
0.0004901960784313725
0.00030165912518853697
0.0002639517345399698
0.0002639517345399698
0.000641025641025641
0.00045248868778280545
0.00030165912518853697
0.00033936651583710406
0.0003770739064856712
0.00022624434389140272
0.00022624434389140272
0.0002639517345399698
0.0001885369532428356
0.00015082956259426848
0.00015082956259426848
7.541478129713424e-05
0.0001885369532428356
0.0
0.0
3.770739064856712e-05
0.0
0.03137254901960784
0.000641025641025641
0.0005279034690799396
0.00045248868778280545
0.00033936651583710406
0.00030165912518853697
7.541478129713424e-05
0.0
0.0
3.770739064856712e-05
7.541478129713424e-05
3.770739064856712e-05
7.541478129713424e-05
3.770739064856712e-05
3.770739064856712e-05
0.0
3.770739064856712e-05
0.00011312217194570136
3.770739064856712e-05
0.00015082956259426848
0.00011312217194570136
7.541478129713424e-05
0.00015082956259426848
0.00015082956259426848
0.00011312217194570136
0.0001885369532428356
0.0001885369532428356
0.0002639517345399698
0.0003770739064856712
0.0004147812971342383
0.0002639517345399698
0.0003770739064856712
0.0002639517345399698
0.00022624434389140272
0.00030165912518853697
0.0004147812971342383
0.00045248868778280545
0.0002639517345399698
0.00033936651583710406
0.00045248868778280545
0.00030165912518853697
0.0005279034690799396
0.00030165912518853697
0.0004147812971342383
7.541478129713424e-05
0.00015082956259426848
3.770739064856712e-05
7.541478129713424e-05
7.541478129713424e-05
7.541478129713424e-05
0.0
0.0
0.0
0.031184012066365008
0.0007164404223227752
0.0007541478129713424
0.0004147812971342383
0.00033936651583710406
0.0
3.770739064856712e-05
7.541478129713424e-05
0.0
7.541478129713424e-05
3.770739064856712e-05
0.0
7.541478129713424e-05
3.770739064856712e-05
0.00011312217194570136
3.770739064856712e-05
7.541478129713424e-05
7.541478129713424e-05
3.770739064856712e-05
3.770739064856712e-05
3.770739064856712e-05
7.541478129713424e-05
0.00015082956259426848
3.770739064856712e-05
7.541478129713424e-05
7.541478129713424e-05
0.00015082956259426848
0.0002639517345399698
0.0002639517345399698
0.0003770739064856712
0.00022624434389140272
0.00011312217194570136
0.0001885369532428356
0.0001885369532428356
0.0001885369532428356
0.00022624434389140272
0.00022624434389140272
0.0004147812971342383
0.00022624434389140272
0.00022624434389140272
0.00022624434389140272
0.0002639517345399698
0.0001885369532428356
0.0001885369532428356
0.00030165912518853697
7.541478129713424e-05
0.0001885369532428356
7.541478129713424e-05
0.00011312217194570136
3.770739064856712e-05
3.770739064856712e-05
3.770739064856712e-05
0.0
0.03582202111613876
0.0007541478129713424
0.0004901960784313725
0.0007541478129713424
0.0
3.770739064856712e-05
0.00011312217194570136
0.0
3.770739064856712e-05
7.541478129713424e-05
0.0
0.0
0.00011312217194570136
3.770739064856712e-05
0.0
3.770739064856712e-05
3.770739064856712e-05
0.00015082956259426848
3.770739064856712e-05
3.770739064856712e-05
0.00011312217194570136
0.00015082956259426848
7.541478129713424e-05
0.00022624434389140272
0.00015082956259426848
0.00011312217194570136
0.0001885369532428356
0.0003770739064856712
7.541478129713424e-05
0.00022624434389140272
0.00011312217194570136
0.00015082956259426848
0.00030165912518853697
0.0002639517345399698
0.0004147812971342383
0.0003770739064856712
0.00033936651583710406
0.0003770739064856712
0.0002639517345399698
0.00033936651583710406
0.00033936651583710406
0.00030165912518853697
0.0004901960784313725
0.00011312217194570136
0.0002639517345399698
0.00015082956259426848
0.0002639517345399698
0.0002639517345399698
7.541478129713424e-05
0.0
7.541478129713424e-05
0.0
0.0
0.034049773755656106
0.00033936651583710406
0.00045248868778280545
0.0
3.770739064856712e-05
0.0
3.770739064856712e-05
3.770739064856712e-05
0.0
3.770739064856712e-05
7.541478129713424e-05
3.770739064856712e-05
7.541478129713424e-05
0.00015082956259426848
7.541478129713424e-05
0.0001885369532428356
3.770739064856712e-05
0.0001885369532428356
0.00011312217194570136
7.541478129713424e-05
0.00015082956259426848
0.00011312217194570136
7.541478129713424e-05
0.00015082956259426848
0.00015082956259426848
0.00015082956259426848
0.00015082956259426848
0.0002639517345399698
0.00015082956259426848
0.00045248868778280545
0.0005656108597285068
0.0003770739064856712
0.00033936651583710406
0.0002639517345399698
0.00033936651583710406
0.0001885369532428356
0.00033936651583710406
0.0002639517345399698
0.0005656108597285068
0.0004147812971342383
0.00022624434389140272
0.0003770739064856712
0.00033936651583710406
7.541478129713424e-05
0.00033936651583710406
0.00030165912518853697
0.00030165912518853697
0.00011312217194570136
3.770739064856712e-05
3.770739064856712e-05
7.541478129713424e-05
0.0
0.0
0.032541478129713426
0.000641025641025641
3.770739064856712e-05
0.0
0.0
0.0
0.0
3.770739064856712e-05
3.770739064856712e-05
3.770739064856712e-05
7.541478129713424e-05
0.00011312217194570136
7.541478129713424e-05
7.541478129713424e-05
0.00011312217194570136
3.770739064856712e-05
0.00015082956259426848
0.00011312217194570136
0.00011312217194570136
7.541478129713424e-05
0.00011312217194570136
7.541478129713424e-05
7.541478129713424e-05
0.00022624434389140272
7.541478129713424e-05
0.00022624434389140272
0.00015082956259426848
0.00022624434389140272
0.0005279034690799396
0.00022624434389140272
0.00033936651583710406
0.0003770739064856712
0.00045248868778280545
0.0003770739064856712
0.00022624434389140272
0.0004147812971342383
0.00045248868778280545
0.00030165912518853697
0.0006033182503770739
0.00030165912518853697
0.0004147812971342383
0.0001885369532428356
0.00045248868778280545
0.0004147812971342383
0.00011312217194570136
7.541478129713424e-05
0.00015082956259426848
0.00015082956259426848
3.770739064856712e-05
7.541478129713424e-05
0.0
0.0
0.0
0.032541478129713426
0.00011312217194570136
3.770739064856712e-05
3.770739064856712e-05
3.770739064856712e-05
3.770739064856712e-05
0.0
3.770739064856712e-05
0.0
3.770739064856712e-05
7.541478129713424e-05
7.541478129713424e-05
0.00011312217194570136
0.00011312217194570136
0.00015082956259426848
0.00011312217194570136
3.770739064856712e-05
0.00011312217194570136
0.00030165912518853697
0.00015082956259426848
0.0001885369532428356
0.00011312217194570136
7.541478129713424e-05
0.00030165912518853697
0.0003770739064856712
0.0008672699849170437
0.0008295625942684766
0.001282051282051282
0.0012443438914027148
0.0017345399698340874
0.0017345399698340874
0.00222473604826546
0.0024509803921568627
0.003129713423831071
0.002601809954751131
0.0023001508295625943
0.0024509803921568627
0.0024886877828054297
0.0019230769230769232
0.0018476621417797888
0.0014328808446455504
0.0012066365007541479
0.000980392156862745
0.0005656108597285068
0.0001885369532428356
0.0001885369532428356
7.541478129713424e-05
7.541478129713424e-05
0.0
7.541478129713424e-05
0.0
7.541478129713424e-05
0.0
