vec
0.20576168929110106
0.17368401206636502
0.10673076923076921
0.05202865761689292
0.045535444947209645
0.042839366515837085
0.04096153846153846
0.04027526395173456
0.03983031674208142
0.04103318250377075
0.041987179487179484
0.04116892911010557
0.04041855203619909
0.04014705882352941
0.03989441930618401
0.03921191553544494
0.0381108597285068
0.03579562594268476
0.03335218702865762
0.0302187028657617
0.027613122171945694
0.03191176470588235
0.05072398190045248
0.06457767722473606
0.07202865761689291
0.07622926093514328
0.0795022624434389
0.08039215686274506
0.08156862745098041
0.08003393665158372
0.07857466063348419
0.06455882352941177
0.046214177978883844
0.03539592760180997
0.03134992458521871
0.031738310708898945
0.035980392156862745
0.042835595776772234
0.04834464555052792
0.0505241327300151
0.04704374057315234
0.040335595776772246
0.03247737556561086
0.030241327300150826
0.03192307692307692
0.0319079939668175
0.028472850678733022
0.0258710407239819
0.023254147812971353
0.020316742081447958
0.021082202111613883
