vec
0.1627413273001508
0.15898567119155357
0.1421719457013575
0.11403092006033184
0.10704374057315233
0.10375188536953243
0.09852941176470587
0.09385746606334844
0.09170814479638008
0.08697209653092006
0.08199849170437405
0.0796003016591252
0.07659502262443442
0.07370663650075414
0.07133484162895928
0.07161387631975864
0.07287707390648565
0.07296757164404226
0.07349924585218702
0.0747586726998492
0.07456259426847661
0.07476244343891403
0.08425339366515834
0.09424585218702868
0.10465309200603318
0.11153469079939665
0.1201093514328808
0.1238235294117647
0.1265158371040724
0.1233446455505279
0.12284313725490198
0.11228129713423833
0.09679864253393669
0.08643288084464557
0.07951734539969836
0.07709653092006034
0.07482277526395172
0.07377828054298644
0.07148567119155354
0.07106711915535446
0.06858974358974358
0.06798265460030169
0.06674208144796381
0.06703242835595777
0.07104072398190045
0.075105580693816
0.07899321266968327
0.08141779788838614
0.08130467571644046
0.07810331825037709
0.09426470588235297
