vec
0.053628707893413764
0.045687531422825535
0.0315422322775264
0.024007038712921067
0.02328808446455505
0.02313474107591754
0.022664655605832078
0.022931121166415283
0.023065610859728504
0.023477878330819515
0.02307063851181498
0.023125942684766216
0.023002765208647562
0.023197586726998492
0.022892156862745094
0.022938662644545003
0.02251131221719457
0.02221719457013575
0.021959527400703865
0.02151709401709402
0.020995475113122164
0.022023629964806425
0.025057817998994477
0.02709276018099547
0.02791980894922072
0.02886500754147812
0.028663901458019104
0.029195575666163903
0.029181749622926096
0.029340120663650077
0.029409250879839113
0.02668426344896933
0.02339743589743589
0.02216817496229262
0.021729512317747616
0.021556058320764206
0.022120412267471093
0.0235168426344897
0.02437657114127702
0.024653092006033182
0.024039718451483148
0.023021618903971853
0.02191427853192559
0.021422825540472604
0.021675465057818
0.021784816490698848
0.02154977375565611
0.021030668677727505
0.020575666163901454
0.019751131221719453
0.020183509301156356
