vec
0.0
0.0
0.0
0.0
0.0
0.0
0.0
0.0
0.0
0.0
0.0
0.0
0.0
0.0
0.0
0.0
0.0
0.0
0.0
0.0
0.0
0.0
0.0
0.0
0.0
0.0
0.0
0.0
0.0
0.0
0.0
0.0
0.0
0.0
0.0
0.0
0.0
0.0
0.0
0.0
0.0
0.0
0.0
0.0
0.0
0.0
0.0
0.0
0.0
0.0
0.0
0.0
0.0
0.0
0.0
0.0
0.0
0.0
0.0
0.0
0.0
0.0
0.0
0.0
0.0
0.0
0.0
0.0
0.0
0.0
0.0
0.0
0.0
0.0
0.0
0.0
0.0
0.0
0.0
0.0
0.0
0.0
0.0
0.0
0.0
0.0
0.0
0.0
0.0
0.0
0.0
0.0
0.0
0.0
0.0
0.0
0.0
0.0
0.0
0.0
0.0
0.0
0.0
0.0
0.0
0.0
0.0
0.0
0.0
0.0
0.0
0.0
0.0
0.0
0.0
0.0
0.0
0.0
0.0
0.0
0.0
0.0
0.0
0.0
0.0
0.0
0.0
0.0
0.0
0.0
0.0
0.0
0.0
0.0
0.0
0.0
0.0
0.0
0.0
0.0
0.0
0.0
0.0
0.0
0.0
0.0
0.0
0.0
0.0
0.0
0.0
0.0
0.0
0.0
0.0
0.0
0.0
0.0
0.0
0.0
3.770739064856712e-05
0.0
0.0
0.0
0.0
0.0
0.0
0.0
0.0
0.0
0.0
0.0
0.0
0.0
0.0
0.0
0.0
0.0
0.0
0.0
0.0
0.0
0.0
0.0
0.0
0.0
0.0
0.0
0.0
0.0
0.0
0.0
0.0
0.0
0.0
0.0
0.0
0.0
0.0
0.0
0.0
0.0
0.0
0.0
0.0
0.0
0.0
0.0
0.0
0.0
0.0
0.0
0.0
0.0
3.770739064856712e-05
0.0
0.0
0.0
0.0
0.0
0.0
0.0
0.0
0.0
0.0
0.0
0.0
0.0
0.0
0.0
0.0
0.0
0.0
0.0
0.0
0.0
0.0
0.0
0.0
0.0
0.0
0.0
0.0
0.0
0.0
0.0
0.0
0.0
0.0
0.0
0.0
0.0
0.0
0.0
0.0
0.0
0.0
0.0
0.0
0.0
0.0
0.0
0.0
0.0
0.0
0.0
3.770739064856712e-05
7.541478129713424e-05
0.0
0.0
0.0
0.0
0.0
0.0
0.0
0.0
0.0
0.0
0.0
0.0
0.0
0.0
0.0
0.0
0.0
0.0
0.0
0.0
0.0
0.0
0.0
0.0
0.0
0.0
0.0
0.0
0.0
0.0
0.0
0.0
0.0
0.0
0.0
0.0
0.0
0.0
0.0
0.0
0.0
0.0
0.0
0.0
0.0
0.0
0.0
0.0
0.0
0.0
0.0
0.00015082956259426848
3.770739064856712e-05
3.770739064856712e-05
0.0
0.0
0.0
0.0
0.0
0.0
0.0
0.0
0.0
0.0
0.0
0.0
0.0
0.0
0.0
0.0
0.0
0.0
0.0
0.0
0.0
0.0
0.0
0.0
0.0
0.0
0.0
0.0
0.0
0.0
0.0
0.0
0.0
0.0
0.0
0.0
0.0
0.0
0.0
0.0
0.0
0.0
0.0
0.0
0.0
0.0
0.0
0.0
0.0
0.0
0.00022624434389140272
7.541478129713424e-05
0.00015082956259426848
0.0
0.0
0.0
0.0
0.0
0.0
0.0
0.0
0.0
0.0
0.0
0.0
0.0
0.0
0.0
0.0
0.0
0.0
0.0
0.0
0.0
0.0
0.0
0.0
0.0
0.0
0.0
0.0
0.0
0.0
0.0
0.0
0.0
0.0
0.0
0.0
0.0
0.0
0.0
0.0
0.0
0.0
0.0
0.0
0.0
0.0
0.0
0.0
0.0
0.0
0.00030165912518853697
0.0003770739064856712
7.541478129713424e-05
0.0
0.0
0.0
0.0
0.0
0.0
0.0
0.0
0.0
0.0
0.0
0.0
0.0
0.0
0.0
0.0
0.0
0.0
0.0
0.0
0.0
0.0
0.0
0.0
0.0
0.0
0.0
0.0
0.0
0.0
0.0
0.0
0.0
0.0
0.0
0.0
0.0
0.0
0.0
0.0
0.0
0.0
0.0
0.0
0.0
0.0
0.0
0.0
0.0
0.0
0.0005279034690799396
0.00045248868778280545
0.0001885369532428356
3.770739064856712e-05
0.0
0.0
0.0
0.0
0.0
0.0
0.0
0.0
0.0
0.0
0.0
0.0
0.0
0.0
0.0
0.0
0.0
0.0
0.0
0.0
0.0
0.0
0.0
0.0
0.0
0.0
0.0
0.0
0.0
0.0
0.0
0.0
0.0
0.0
0.0
0.0
0.0
0.0
0.0
0.0
0.0
0.0
0.0
0.0
0.0
0.0
0.0
0.0
0.0
0.0006033182503770739
0.0004147812971342383
0.0001885369532428356
3.770739064856712e-05
0.0
0.0
0.0
0.0
0.0
0.0
0.0
0.0
0.0
0.0
0.0
0.0
0.0
0.0
0.0
0.0
0.0
0.0
0.0
0.0
0.0
0.0
0.0
0.0
0.0
0.0
0.0
0.0
0.0
0.0
0.0
0.0
0.0
0.0
0.0
0.0
0.0
0.0
0.0
0.0
0.0
0.0
0.0
0.0
0.0
0.0
0.0
0.0
0.0
0.0010558069381598793
0.0008295625942684766
0.0002639517345399698
0.0
0.0
0.0
0.0
0.0
0.0
0.0
0.0
0.0
0.0
0.0
0.0
0.0
0.0
0.0
0.0
0.0
0.0
0.0
0.0
0.0
0.0
0.0
0.0
0.0
0.0
0.0
0.0
0.0
0.0
0.0
0.0
0.0
0.0
0.0
0.0
0.0
0.0
0.0
0.0
0.0
0.0
0.0
0.0
0.0
0.0
0.0
0.0
0.0
0.0
0.0013574660633484162
0.000980392156862745
0.0006033182503770739
7.541478129713424e-05
0.0
0.0
0.0
0.0
0.0
0.0
0.0
0.0
0.0
0.0
0.0
0.0
0.0
0.0
0.0
0.0
0.0
0.0
0.0
0.0
0.0
0.0
0.0
0.0
0.0
0.0
0.0
0.0
0.0
0.0
0.0
0.0
0.0
0.0
0.0
0.0
0.0
0.0
0.0
0.0
0.0
0.0
0.0
0.0
0.0
0.0
0.0
0.0
0.0
0.001998491704374057
0.0015460030165912518
0.0005279034690799396
0.00022624434389140272
3.770739064856712e-05
0.0
0.0
0.0
0.0
0.0
0.0
0.0
0.0
0.0
0.0
0.0
0.0
0.0
0.0
0.0
0.0
0.0
0.0
0.0
0.0
0.0
0.0
0.0
0.0
0.0
0.0
0.0
0.0
0.0
0.0
0.0
0.0
0.0
0.0
0.0
0.0
0.0
0.0
0.0
0.0
0.0
0.0
0.0
0.0
0.0
0.0
0.0
0.0
0.0024509803921568627
0.00196078431372549
0.0011312217194570137
0.00030165912518853697
0.0
0.0
0.0
0.0
0.0
0.0
0.0
0.0
0.0
0.0
0.0
0.0
0.0
0.0
0.0
0.0
0.0
0.0
0.0
0.0
0.0
0.0
0.0
0.0
0.0
0.0
0.0
0.0
0.0
0.0
0.0
0.0
0.0
0.0
0.0
0.0
0.0
0.0
0.0
0.0
0.0
0.0
0.0
0.0
0.0
0.0
0.0
0.0
0.0
0.0032805429864253394
0.0032428355957767724
0.0015082956259426848
0.00045248868778280545
3.770739064856712e-05
0.0
0.0
0.0
0.0
0.0
0.0
0.0
0.0
0.0
0.0
0.0
0.0
0.0
0.0
0.0
0.0
0.0
0.0
0.0
0.0
0.0
0.0
0.0
0.0
0.0
0.0
0.0
0.0
0.0
0.0
0.0
0.0
0.0
0.0
0.0
0.0
0.0
0.0
0.0
0.0
0.0
0.0
0.0
0.0
0.0
0.0
0.0
0.0
0.004223227752639517
0.003770739064856712
0.0016214177978883862
0.00015082956259426848
7.541478129713424e-05
0.0
0.0
0.0
0.0
0.0
0.0
0.0
0.0
0.0
0.0
0.0
0.0
0.0
0.0
0.0
0.0
0.0
0.0
0.0
0.0
0.0
0.0
0.0
0.0
0.0
0.0
0.0
0.0
0.0
0.0
0.0
0.0
0.0
0.0
0.0
0.0
0.0
0.0
0.0
0.0
0.0
0.0
0.0
0.0
0.0
0.0
0.0
0.0
0.004562594268476622
0.0038838612368024134
0.002149321266968326
0.0005656108597285068
0.0
0.0
0.0
0.0
0.0
0.0
0.0
0.0
0.0
0.0
0.0
0.0
0.0
0.0
0.0
0.0
0.0
0.0
0.0
0.0
0.0
0.0
0.0
0.0
0.0
0.0
0.0
0.0
0.0
0.0
0.0
0.0
0.0
0.0
0.0
0.0
0.0
0.0
0.0
0.0
0.0
0.0
0.0
0.0
0.0
0.0
0.0
0.0
0.0
0.006221719457013574
0.0047888386123680245
0.002601809954751131
0.00045248868778280545
3.770739064856712e-05
3.770739064856712e-05
0.0
0.0
0.0
0.0
0.0
0.0
0.0
0.0
0.0
0.0
0.0
0.0
0.0
0.0
0.0
0.0
0.0
0.0
0.0
0.0
0.0
0.0
0.0
0.0
0.0
0.0
0.0
0.0
0.0
0.0
0.0
0.0
0.0
0.0
0.0
0.0
0.0
0.0
0.0
0.0
0.0
0.0
0.0
0.0
0.0
0.0
0.0
0.006561085972850679
0.005165912518853695
0.0030165912518853697
0.000641025641025641
3.770739064856712e-05
0.0
0.0
0.0
0.0
0.0
0.0
0.0
0.0
0.0
0.0
0.0
0.0
0.0
0.0
0.0
0.0
0.0
0.0
0.0
0.0
0.0
0.0
0.0
0.0
0.0
0.0
0.0
0.0
0.0
0.0
0.0
0.0
0.0
0.0
0.0
0.0
0.0
0.0
0.0
3.770739064856712e-05
0.0
0.0
0.0
0.0
0.0
0.0
0.0
0.0
0.007692307692307693
0.006447963800904977
0.004411764705882353
0.0007164404223227752
0.0
0.0
0.0
0.0
0.0
0.0
0.0
0.0
0.0
0.0
0.0
0.0
0.0
0.0
0.0
0.0
0.0
0.0
0.0
0.0
0.0
0.0
0.0
0.0
0.0
0.0
0.0
0.0
0.0
0.0
0.0
0.0
0.0
0.0
0.0
0.0
0.0
0.0
0.0
0.0
3.770739064856712e-05
0.0
0.0
0.0
0.0
0.0
0.0
0.0
0.0
0.007767722473604827
0.008031674208144796
0.004336349924585219
0.0010935143288084465
0.0
0.0
0.0
0.0
0.0
0.0
0.0
0.0
0.0
0.0
0.0
0.0
0.0
0.0
0.0
0.0
0.0
0.0
0.0
0.0
0.0
0.0
0.0
0.0
0.0
0.0
0.0
0.0
0.0
0.0
0.0
0.0
3.770739064856712e-05
0.0
0.0
3.770739064856712e-05
0.0
3.770739064856712e-05
3.770739064856712e-05
0.0
0.0
0.0
0.0
3.770739064856712e-05
0.0
0.0
0.0
0.0
0.0
0.009728506787330317
0.007654600301659125
0.005015082956259427
0.0011312217194570137
0.00011312217194570136
3.770739064856712e-05
0.0
0.0
0.0
0.0
0.0
0.0
0.0
0.0
0.0
0.0
0.0
0.0
0.0
0.0
0.0
0.0
0.0
0.0
0.0
0.0
0.0
0.0
0.0
0.0
0.0
0.0
0.0
0.0
3.770739064856712e-05
0.0
0.0
0.0
0.0
3.770739064856712e-05
3.770739064856712e-05
3.770739064856712e-05
0.00011312217194570136
0.0
3.770739064856712e-05
3.770739064856712e-05
0.0
0.0
0.0
0.0
0.0
0.0
0.0
0.00980392156862745
0.008295625942684766
0.005316742081447964
0.0012443438914027148
0.00011312217194570136
0.0
0.0
0.0
0.0
0.0
0.0
0.0
0.0
0.0
0.0
0.0
0.0
0.0
0.0
0.0
0.0
0.0
0.0
0.0
0.0
0.0
0.0
0.0
0.0
0.0
0.0
0.0
3.770739064856712e-05
0.0
3.770739064856712e-05
3.770739064856712e-05
0.0
0.0
3.770739064856712e-05
0.00011312217194570136
7.541478129713424e-05
3.770739064856712e-05
7.541478129713424e-05
0.0001885369532428356
0.0
0.0
0.0
3.770739064856712e-05
0.0
0.0
0.0
0.0
0.0
0.011726998491704374
0.009577677224736049
0.0058446455505279035
0.0016591251885369532
0.0001885369532428356
0.0
0.0
0.0
0.0
0.0
0.0
0.0
0.0
0.0
0.0
0.0
0.0
0.0
0.0
0.0
0.0
0.0
0.0
0.0
0.0
0.0
0.0
0.0
3.770739064856712e-05
3.770739064856712e-05
0.0
0.0
0.0
0.0
3.770739064856712e-05
0.0
0.00011312217194570136
3.770739064856712e-05
0.0001885369532428356
7.541478129713424e-05
3.770739064856712e-05
0.00011312217194570136
7.541478129713424e-05
7.541478129713424e-05
0.0
0.00011312217194570136
0.0
0.0
0.0
0.0
0.0
0.0
0.0
0.012518853695324284
0.010520361990950227
0.006598793363499246
0.0013197586726998493
0.00011312217194570136
0.0
0.0
0.0
0.0
0.0
0.0
0.0
0.0
0.0
0.0
0.0
0.0
0.0
0.0
0.0
0.0
0.0
0.0
0.0
0.0
0.0
0.0
0.0
0.0
0.0
0.0
0.0
7.541478129713424e-05
0.00011312217194570136
3.770739064856712e-05
0.00015082956259426848
0.00022624434389140272
0.0002639517345399698
0.00011312217194570136
0.00011312217194570136
7.541478129713424e-05
3.770739064856712e-05
7.541478129713424e-05
0.0002639517345399698
0.0
3.770739064856712e-05
3.770739064856712e-05
0.0
0.0
0.0
0.0
0.0
0.0
0.013536953242835596
0.01033182503770739
0.006598793363499246
0.000980392156862745
0.0
0.0
0.0
0.0
0.0
0.0
0.0
0.0
0.0
0.0
0.0
0.0
0.0
0.0
0.0
0.0
0.0
0.0
0.0
0.0
0.0
3.770739064856712e-05
0.0
0.0
0.0
0.0
7.541478129713424e-05
0.0
0.00011312217194570136
3.770739064856712e-05
0.00022624434389140272
0.0001885369532428356
0.00015082956259426848
0.00022624434389140272
0.0002639517345399698
0.0002639517345399698
0.00015082956259426848
0.0001885369532428356
7.541478129713424e-05
0.0001885369532428356
7.541478129713424e-05
3.770739064856712e-05
0.0
0.0
0.0
0.0
0.0
0.0
0.0
0.014592760180995475
0.010558069381598794
0.007579185520361991
0.0011312217194570137
0.00011312217194570136
0.0
0.0
0.0
0.0
0.0
0.0
0.0
0.0
0.0
0.0
0.0
0.0
0.0
0.0
0.0
0.0
0.0
0.0
0.0
0.0
0.0
0.0
0.0
0.0
3.770739064856712e-05
3.770739064856712e-05
0.00011312217194570136
0.00015082956259426848
0.00030165912518853697
7.541478129713424e-05
0.0001885369532428356
0.00022624434389140272
0.00015082956259426848
0.0002639517345399698
0.00022624434389140272
0.00022624434389140272
3.770739064856712e-05
0.00011312217194570136
7.541478129713424e-05
0.00015082956259426848
0.0
3.770739064856712e-05
0.0
0.0
0.0
0.0
0.0
0.0
0.015045248868778281
0.011425339366515836
0.00784313725490196
0.0013197586726998493
0.00030165912518853697
3.770739064856712e-05
0.0
0.0
0.0
0.0
0.0
0.0
0.0
0.0
0.0
0.0
0.0
0.0
0.0
0.0
0.0
0.0
0.0
0.0
0.0
0.0
0.0
0.0
3.770739064856712e-05
3.770739064856712e-05
3.770739064856712e-05
0.00011312217194570136
0.0002639517345399698
0.00030165912518853697
0.0001885369532428356
0.0002639517345399698
0.00030165912518853697
0.0004147812971342383
0.0004901960784313725
0.00033936651583710406
0.0003770739064856712
0.00022624434389140272
0.00015082956259426848
0.00015082956259426848
7.541478129713424e-05
0.0
3.770739064856712e-05
0.0
0.0
0.0
0.0
0.0
0.0
0.01726998491704374
0.01165158371040724
0.007126696832579185
0.0016591251885369532
0.0004147812971342383
0.0
0.0
0.0
0.0
0.0
0.0
0.0
0.0
0.0
0.0
0.0
0.0
0.0
0.0
0.0
0.0
0.0
0.0
0.0
0.0
0.0
3.770739064856712e-05
7.541478129713424e-05
3.770739064856712e-05
7.541478129713424e-05
0.00022624434389140272
0.0001885369532428356
0.0003770739064856712
0.00030165912518853697
0.0004901960784313725
0.00033936651583710406
0.0006033182503770739
0.0005279034690799396
0.0002639517345399698
0.00045248868778280545
0.0001885369532428356
0.00033936651583710406
0.00022624434389140272
7.541478129713424e-05
3.770739064856712e-05
7.541478129713424e-05
0.0
0.0
0.0
0.0
0.0
0.0
0.0
0.015874811463046756
0.011802413273001508
0.007239819004524887
0.00196078431372549
0.0005279034690799396
0.0
0.0
0.0
0.0
0.0
0.0
0.0
0.0
0.0
0.0
0.0
0.0
0.0
0.0
0.0
0.0
0.0
0.0
0.0
0.0
0.0
3.770739064856712e-05
3.770739064856712e-05
0.00011312217194570136
0.0001885369532428356
0.0
0.0003770739064856712
0.0001885369532428356
0.0004147812971342383
0.00045248868778280545
0.0005656108597285068
0.00045248868778280545
0.0004147812971342383
0.0003770739064856712
0.0002639517345399698
0.0005656108597285068
0.00022624434389140272
0.0001885369532428356
0.0
0.00011312217194570136
0.00011312217194570136
3.770739064856712e-05
0.0
0.0
0.0
0.0
0.0
0.0
0.01715686274509804
0.011764705882352941
0.006259426847662142
0.0014328808446455504
0.0006033182503770739
0.0
0.0
0.0
0.0
0.0
0.0
0.0
0.0
0.0
0.0
0.0
0.0
0.0
0.0
0.0
0.0
0.0
0.0
0.0
0.0
0.0
0.0
0.0001885369532428356
3.770739064856712e-05
7.541478129713424e-05
3.770739064856712e-05
0.00030165912518853697
0.0001885369532428356
0.0004147812971342383
0.00030165912518853697
0.0005656108597285068
0.00045248868778280545
0.0004901960784313725
0.00011312217194570136
0.0007164404223227752
0.0001885369532428356
0.0001885369532428356
0.00033936651583710406
0.00022624434389140272
7.541478129713424e-05
0.0
0.0
0.0
0.0
0.0
0.0
0.0
0.0
0.01896681749622926
0.011048265460030167
0.00614630467571644
0.001885369532428356
0.0006033182503770739
0.0
0.0
0.0
0.0
0.0
0.0
0.0
0.0
0.0
0.0
0.0
0.0
0.0
0.0
0.0
0.0
0.0
0.0
0.0
0.0
3.770739064856712e-05
3.770739064856712e-05
3.770739064856712e-05
0.00011312217194570136
0.0001885369532428356
0.0002639517345399698
0.00033936651583710406
0.0002639517345399698
0.0002639517345399698
0.0006787330316742081
0.0004901960784313725
0.00033936651583710406
0.00033936651583710406
0.00030165912518853697
0.00030165912518853697
0.00030165912518853697
0.00015082956259426848
0.00011312217194570136
0.00011312217194570136
0.0
0.0
0.0
0.0
0.0
0.0
0.0
0.0
0.0
0.017873303167420813
0.0110105580693816
0.007164404223227752
0.0015082956259426848
0.0005656108597285068
0.0
0.0
0.0
0.0
0.0
0.0
0.0
0.0
0.0
0.0
0.0
0.0
0.0
0.0
0.0
0.0
0.0
0.0
0.0
0.0
3.770739064856712e-05
7.541478129713424e-05
0.0001885369532428356
3.770739064856712e-05
0.0003770739064856712
0.00030165912518853697
0.0004901960784313725
0.00045248868778280545
0.00045248868778280545
0.0004901960784313725
0.0005279034690799396
0.0004147812971342383
0.0004901960784313725
0.00033936651583710406
0.00033936651583710406
0.00033936651583710406
0.0003770739064856712
0.00022624434389140272
0.00030165912518853697
0.00022624434389140272
0.0
3.770739064856712e-05
0.0
0.0
0.0
0.0
0.0
0.0
0.01870286576168929
0.010256410256410256
0.005731523378582202
0.0015082956259426848
0.0007164404223227752
0.0
0.0
0.0
0.0
0.0
0.0
0.0
0.0
0.0
0.0
0.0
0.0
0.0
0.0
0.0
0.0
0.0
0.0
3.770739064856712e-05
0.0
0.0
3.770739064856712e-05
0.00015082956259426848
0.00030165912518853697
0.0004901960784313725
0.0006033182503770739
0.00033936651583710406
0.0006033182503770739
0.0005279034690799396
0.0005279034690799396
0.0009049773755656109
0.0006787330316742081
0.0009049773755656109
0.0006787330316742081
0.0005656108597285068
0.00045248868778280545
0.00033936651583710406
0.0001885369532428356
0.0002639517345399698
7.541478129713424e-05
0.0
0.0
0.0
0.0
0.0
0.0
0.0
0.0
0.021191553544494722
0.009238310708898944
0.004901960784313725
0.0011689291101055807
0.000641025641025641
0.0
0.0
0.0
0.0
0.0
0.0
0.0
0.0
0.0
0.0
0.0
0.0
0.0
0.0
0.0
0.0
0.0
0.0
0.0
0.0
0.00015082956259426848
0.0001885369532428356
0.0002639517345399698
0.00030165912518853697
0.0006033182503770739
0.0005279034690799396
0.0008295625942684766
0.0007541478129713424
0.0010558069381598793
0.0010558069381598793
0.0008672699849170437
0.0010180995475113123
0.000641025641025641
0.0010558069381598793
0.0005279034690799396
0.0008295625942684766
0.0006033182503770739
0.00030165912518853697
0.00022624434389140272
0.0001885369532428356
0.00015082956259426848
0.0
0.0
0.0
0.0
0.0
0.0
0.0
0.018627450980392157
0.00773001508295626
0.003770739064856712
0.0011312217194570137
0.0007918552036199095
0.0
0.0
0.0
0.0
0.0
0.0
0.0
0.0
0.0
0.0
0.0
0.0
0.0
0.0
0.0
0.0
0.0
0.0
0.0
3.770739064856712e-05
0.0001885369532428356
0.00030165912518853697
0.0002639517345399698
0.00022624434389140272
0.00045248868778280545
0.00033936651583710406
0.0006033182503770739
0.0007918552036199095
0.0007164404223227752
0.0011689291101055807
0.0010558069381598793
0.000942684766214178
0.0006787330316742081
0.000942684766214178
0.0005656108597285068
0.0004147812971342383
0.0004147812971342383
0.0002639517345399698
0.00045248868778280545
0.00030165912518853697
7.541478129713424e-05
0.0
0.0
0.0
0.0
0.0
0.0
0.0
0.015610859728506787
0.006636500754147813
0.0033559577677224734
0.0006787330316742081
0.000641025641025641
0.0
0.0
0.0
0.0
0.0
0.0
0.0
0.0
0.0
0.0
0.0
0.0
0.0
0.0
0.0
0.0
0.0
0.0
3.770739064856712e-05
0.00011312217194570136
0.0
0.00022624434389140272
0.0002639517345399698
0.0005656108597285068
0.0004901960784313725
0.0005279034690799396
0.0006787330316742081
0.000942684766214178
0.000641025641025641
0.0008295625942684766
0.001282051282051282
0.0010935143288084465
0.0008672699849170437
0.000641025641025641
0.0005656108597285068
0.0005279034690799396
0.00030165912518853697
0.0004147812971342383
0.0002639517345399698
0.0001885369532428356
3.770739064856712e-05
3.770739064856712e-05
0.0
0.0
0.0
0.0
0.0
0.0
0.01493212669683258
0.005203619909502262
0.0030542986425339366
0.0006033182503770739
0.0007164404223227752
0.0
0.0
0.0
0.0
0.0
0.0
0.0
0.0
0.0
0.0
0.0
0.0
0.0
0.0
0.0
0.0
0.0
0.0
0.0
7.541478129713424e-05
0.00011312217194570136
0.00022624434389140272
0.0003770739064856712
0.0004147812971342383
0.0003770739064856712
0.0007918552036199095
0.0005656108597285068
0.0007164404223227752
0.0007918552036199095
0.0010180995475113123
0.0008672699849170437
0.0007918552036199095
0.0009049773755656109
0.0008295625942684766
0.0002639517345399698
0.0007918552036199095
0.0002639517345399698
0.00030165912518853697
0.0001885369532428356
0.00022624434389140272
0.0
0.0
0.0
0.0
0.0
0.0
0.0
0.0
0.013197586726998492
0.00444947209653092
0.0024132730015082957
0.000641025641025641
0.0005279034690799396
0.0
0.0
0.0
0.0
0.0
0.0
0.0
0.0
0.0
0.0
0.0
0.0
0.0
0.0
0.0
0.0
0.0
0.0
0.0
3.770739064856712e-05
0.00015082956259426848
7.541478129713424e-05
0.0002639517345399698
0.0003770739064856712
0.0004147812971342383
0.0004901960784313725
0.0004901960784313725
0.0007918552036199095
0.0008672699849170437
0.0010558069381598793
0.0007541478129713424
0.0007164404223227752
0.0006787330316742081
0.0007918552036199095
0.00033936651583710406
0.0005656108597285068
0.00030165912518853697
0.00022624434389140272
0.00015082956259426848
0.0002639517345399698
7.541478129713424e-05
0.0
0.0
0.0
0.0
0.0
0.0
0.0
0.011764705882352941
0.003544494720965309
0.0016591251885369532
0.00030165912518853697
0.00030165912518853697
0.0
0.0
0.0
0.0
0.0
0.0
0.0
0.0
0.0
0.0
0.0
0.0
0.0
0.0
0.0
0.0
0.0
0.0
3.770739064856712e-05
3.770739064856712e-05
0.00022624434389140272
0.00011312217194570136
0.0004901960784313725
0.000641025641025641
0.0003770739064856712
0.00045248868778280545
0.0007164404223227752
0.0007541478129713424
0.0008295625942684766
0.0004147812971342383
0.001282051282051282
0.0009049773755656109
0.0009049773755656109
0.0007541478129713424
0.0004147812971342383
0.00045248868778280545
0.0002639517345399698
0.00011312217194570136
0.00015082956259426848
0.00015082956259426848
3.770739064856712e-05
0.0
0.0
0.0
0.0
0.0
0.0
0.0
0.010558069381598794
0.0026395173453996985
0.0013951734539969834
0.0003770739064856712
0.00015082956259426848
0.0
0.0
0.0
0.0
0.0
0.0
0.0
0.0
0.0
0.0
0.0
0.0
0.0
0.0
0.0
0.0
0.0
0.0
3.770739064856712e-05
0.0
0.00015082956259426848
0.00015082956259426848
0.0004147812971342383
0.00033936651583710406
0.0002639517345399698
0.0002639517345399698
0.0006787330316742081
0.0003770739064856712
0.0006787330316742081
0.0010558069381598793
0.0009049773755656109
0.0005279034690799396
0.000942684766214178
0.0004901960784313725
0.0004147812971342383
0.0004901960784313725
0.00030165912518853697
0.0002639517345399698
0.0001885369532428356
7.541478129713424e-05
0.0
0.0
0.0
0.0
0.0
0.0
0.0
0.0
0.007767722473604827
0.0023378582202111613
0.001282051282051282
0.0001885369532428356
0.0
0.0
0.0
0.0
0.0
0.0
0.0
0.0
0.0
0.0
0.0
0.0
0.0
0.0
0.0
0.0
0.0
0.0
0.0
7.541478129713424e-05
0.0
0.00022624434389140272
0.0001885369532428356
0.0003770739064856712
0.0002639517345399698
0.0001885369532428356
0.0003770739064856712
0.0006033182503770739
0.0004147812971342383
0.000641025641025641
0.0007918552036199095
0.000641025641025641
0.0008672699849170437
0.0006787330316742081
0.000641025641025641
0.0003770739064856712
0.0003770739064856712
0.00022624434389140272
0.00015082956259426848
0.00011312217194570136
7.541478129713424e-05
3.770739064856712e-05
7.541478129713424e-05
0.0
0.0
0.0
0.0
0.0
0.0
0.005542986425339367
0.0012443438914027148
0.00033936651583710406
0.0
0.0
0.0
0.0
0.0
0.0
0.0
0.0
0.0
0.0
0.0
0.0
0.0
0.0
0.0
0.0
0.0
0.0
0.0
0.0
3.770739064856712e-05
0.00011312217194570136
0.00015082956259426848
0.00022624434389140272
0.00022624434389140272
0.00015082956259426848
0.00030165912518853697
0.00033936651583710406
0.0007918552036199095
0.0005279034690799396
0.000641025641025641
0.0005279034690799396
0.0005279034690799396
0.00030165912518853697
0.0005656108597285068
0.0005656108597285068
0.0002639517345399698
0.0003770739064856712
0.00030165912518853697
3.770739064856712e-05
3.770739064856712e-05
3.770739064856712e-05
0.0
7.541478129713424e-05
0.0
0.0
0.0
0.0
0.0
0.0
0.004034690799396682
0.0007541478129713424
0.0
0.0
0.0
0.0
0.0
0.0
0.0
0.0
0.0
0.0
0.0
0.0
0.0
0.0
0.0
0.0
0.0
0.0
0.0
0.0
0.0
0.0
0.0
0.00015082956259426848
0.00015082956259426848
0.00022624434389140272
0.0002639517345399698
0.00030165912518853697
0.0005656108597285068
0.00033936651583710406
0.00033936651583710406
0.0005656108597285068
0.000641025641025641
0.0004901960784313725
0.0004147812971342383
0.00022624434389140272
0.00030165912518853697
0.00033936651583710406
0.0001885369532428356
0.00011312217194570136
3.770739064856712e-05
7.541478129713424e-05
0.0
3.770739064856712e-05
0.0
0.0
0.0
0.0
0.0
0.0
0.0
0.00196078431372549
0.0
0.0
0.0
0.0
0.0
0.0
0.0
0.0
0.0
0.0
0.0
0.0
0.0
0.0
0.0
0.0
0.0
0.0
0.0
0.0
0.0
0.0
0.0
0.0
7.541478129713424e-05
0.0001885369532428356
0.0001885369532428356
0.0001885369532428356
0.0002639517345399698
0.00022624434389140272
0.00022624434389140272
0.00033936651583710406
0.0001885369532428356
0.0002639517345399698
0.00045248868778280545
7.541478129713424e-05
0.00033936651583710406
0.00011312217194570136
0.0001885369532428356
0.00015082956259426848
7.541478129713424e-05
0.00011312217194570136
0.00022624434389140272
3.770739064856712e-05
0.0
0.0
3.770739064856712e-05
0.0
0.0
0.0
0.0
0.0
0.008446455505279034
0.0
3.770739064856712e-05
0.0007164404223227752
0.001282051282051282
0.0
0.0
0.0
0.0
0.0
0.0
0.0
0.0
0.0
0.0
0.0
0.0
0.0
0.0
0.0
0.0
0.0
0.0
0.0
0.0
0.0
0.0
0.0
7.541478129713424e-05
7.541478129713424e-05
0.00015082956259426848
0.00011312217194570136
0.00011312217194570136
3.770739064856712e-05
3.770739064856712e-05
7.541478129713424e-05
0.00011312217194570136
7.541478129713424e-05
0.00011312217194570136
0.0
0.0
0.0
0.0
0.0
0.0
0.0
0.0
0.0
0.0
0.0
0.0
0.0
0.0
0.008069381598793364
0.0
0.00015082956259426848
0.0005656108597285068
0.0
0.0
0.0
0.0
0.0
0.0
0.0
0.0
0.0
0.0
0.0
0.0
0.0
0.0
0.0
0.0
0.0
0.0
0.0
0.0
0.0
0.0
3.770739064856712e-05
7.541478129713424e-05
0.0
0.00033936651583710406
0.0001885369532428356
7.541478129713424e-05
0.0001885369532428356
0.00022624434389140272
0.00015082956259426848
0.00011312217194570136
0.00015082956259426848
0.00015082956259426848
7.541478129713424e-05
0.00011312217194570136
0.0
0.0
0.0
0.0
0.0
0.0
0.0
0.0
0.0
0.0
0.0
0.0
0.0
0.008484162895927601
0.0
0.0
0.0
0.0
0.0
0.0
0.0
0.0
0.0
0.0
0.0
0.0
0.0
0.0
0.0
0.0
0.0
0.0
0.0
0.0
0.0
0.0
0.0
0.0
3.770739064856712e-05
3.770739064856712e-05
0.00015082956259426848
0.0001885369532428356
0.0002639517345399698
0.0002639517345399698
0.00015082956259426848
0.00022624434389140272
0.00030165912518853697
0.0002639517345399698
0.0003770739064856712
0.00022624434389140272
0.0001885369532428356
0.00015082956259426848
0.00022624434389140272
3.770739064856712e-05
0.0
0.0
0.0
0.0
0.0
0.0
0.0
0.0
0.0
0.0
0.0
0.0
0.011274509803921568
0.0
0.0
0.0
0.0
0.0
0.0
0.0
0.0
0.0
0.0
0.0
0.0
0.0
0.0
0.0
0.0
0.0
0.0
0.0
0.0
0.0
0.0
0.0
0.00022624434389140272
0.00011312217194570136
0.00030165912518853697
0.00022624434389140272
0.00033936651583710406
0.0006033182503770739
0.0003770739064856712
0.0005656108597285068
0.0004901960784313725
0.0005656108597285068
0.0004901960784313725
0.0004901960784313725
0.0003770739064856712
0.00022624434389140272
0.0001885369532428356
0.00015082956259426848
0.0003770739064856712
0.00015082956259426848
0.0
0.0
0.0
0.0
0.0
0.0
0.0
0.0
0.0
0.0
0.0
0.01802413273001508
0.0
0.0
0.0
0.0
0.0
0.0
0.0
0.0
0.0
0.0
0.0
0.0
0.0
0.0
0.0
0.0
0.0
0.0
0.0
0.0
0.0
0.0
0.0001885369532428356
0.0007164404223227752
0.0011312217194570137
0.0012443438914027148
0.0014705882352941176
0.0018099547511312218
0.0029411764705882353
0.0027149321266968325
0.0019230769230769232
0.0030542986425339366
0.002187028657616893
0.0024132730015082957
0.0018476621417797888
0.0010558069381598793
0.0010180995475113123
0.0010935143288084465
0.00022624434389140272
0.00022624434389140272
0.00033936651583710406
0.00011312217194570136
0.0
0.0
0.0
0.0
0.0
0.0
0.0
0.0
0.0
0.0
