vec
0.9579185520361991
0.9218702865761689
0.8049396681749622
0.6146681749622926
0.561500754147813
0.537443438914027
0.501998491704374
0.4670060331825038
0.44879336349924587
0.42303921568627456
0.3953242835595776
0.37971342383107076
0.3606334841628959
0.3486802413273002
0.34064856711915525
0.33276772247360475
0.3291478129713424
0.3337481146304675
0.32967571644042226
0.334313725490196
0.3308446455505279
0.33027903469079917
0.40497737556561075
0.46715686274509793
0.523604826546003
0.5867269984917044
0.6274509803921567
0.6652714932126697
0.6830316742081448
0.6599924585218704
0.6566365007541479
0.5918174962292609
0.4937405731523378
0.41840120663650077
0.37752639517345393
0.36406485671191546
0.34464555052790335
0.33110859728506786
0.33020361990950226
0.32564102564102554
0.32522624434389136
0.3299773755656108
0.3272247360482654
0.3286953242835595
0.3291101055806938
0.3250377073906486
0.32628205128205123
0.34083710407239814
0.3434766214177978
0.3395927601809954
0.44966063348416285
