vec
0.04109351432880845
0.04037330316742083
0.037368024132730014
0.03353695324283559
0.03214932126696833
0.0321342383107089
0.03138386123680241
0.030761689291101048
0.030158371040723983
0.029928355957767716
0.029113876319758678
0.02885746606334842
0.028076923076923076
0.027545248868778276
0.028141025641025642
0.02778280542986425
0.027032428355957764
0.02768476621417798
0.027620663650075417
0.028408748114630466
0.027202111613876326
0.027138009049773763
0.029543740573152337
0.030135746606334834
0.031776018099547505
0.033012820512820513
0.034046003016591254
0.03498491704374057
0.0348529411764706
0.03501508295625944
0.03495098039215687
0.03314102564102563
0.03107466063348418
0.02935143288084465
0.02877073906485671
0.02817873303167421
0.027435897435897433
0.027198340874811464
0.02678733031674207
0.026843891402714933
0.02686274509803921
0.025720211161387632
0.025686274509803916
0.02666666666666666
0.027009803921568622
0.028080693815987934
0.028865007541478135
0.028763197586726998
0.028533182503770738
0.02812217194570136
0.030882352941176472
