vec
0.0
0.0024132730015082957
0.0027526395173454
0.002601809954751131
0.0008672699849170437
0.0007541478129713424
0.00022624434389140272
0.0003770739064856712
0.00033936651583710406
0.0005656108597285068
0.0004901960784313725
0.0004147812971342383
0.00045248868778280545
0.0004901960784313725
0.0004901960784313725
0.0003770739064856712
0.00033936651583710406
0.0003770739064856712
0.0002639517345399698
0.00030165912518853697
0.00011312217194570136
0.00015082956259426848
0.00015082956259426848
0.00011312217194570136
0.00015082956259426848
0.00015082956259426848
0.0
0.00011312217194570136
0.00011312217194570136
3.770739064856712e-05
3.770739064856712e-05
0.0
3.770739064856712e-05
7.541478129713424e-05
0.0
0.0
3.770739064856712e-05
0.0
3.770739064856712e-05
0.0
3.770739064856712e-05
0.0
0.0
0.0
0.0
0.0
0.0
0.0
0.0
0.0
0.0
0.0
0.0
0.0
0.0026395173453996985
0.0024886877828054297
0.0014328808446455504
0.0006787330316742081
0.0005656108597285068
0.0005279034690799396
0.00030165912518853697
0.0005656108597285068
0.0005656108597285068
0.0004901960784313725
0.0004901960784313725
0.0010180995475113123
0.0007164404223227752
0.0003770739064856712
0.0004901960784313725
0.0004901960784313725
0.0002639517345399698
0.0004147812971342383
0.0004147812971342383
0.00030165912518853697
0.0003770739064856712
0.0001885369532428356
0.00030165912518853697
0.0001885369532428356
0.00022624434389140272
0.0001885369532428356
0.00011312217194570136
0.00015082956259426848
0.00011312217194570136
3.770739064856712e-05
7.541478129713424e-05
7.541478129713424e-05
7.541478129713424e-05
0.00011312217194570136
7.541478129713424e-05
7.541478129713424e-05
0.0
7.541478129713424e-05
0.0
7.541478129713424e-05
3.770739064856712e-05
3.770739064856712e-05
3.770739064856712e-05
0.0
0.0
0.0
3.770739064856712e-05
0.0
0.0
0.0
0.0
0.0
0.0
0.00222473604826546
0.0013951734539969834
0.0013197586726998493
0.0008295625942684766
0.0009049773755656109
0.000641025641025641
0.0004147812971342383
0.00045248868778280545
0.0003770739064856712
0.0005656108597285068
0.00033936651583710406
0.0007918552036199095
0.0006787330316742081
0.00045248868778280545
0.0005656108597285068
0.0006787330316742081
0.000641025641025641
0.00033936651583710406
0.0004147812971342383
0.0006033182503770739
0.0002639517345399698
0.00022624434389140272
0.0002639517345399698
0.0004901960784313725
0.0004147812971342383
0.00015082956259426848
7.541478129713424e-05
0.00011312217194570136
3.770739064856712e-05
0.00015082956259426848
0.00015082956259426848
7.541478129713424e-05
0.00015082956259426848
0.0
0.00022624434389140272
0.00011312217194570136
7.541478129713424e-05
0.00011312217194570136
0.00011312217194570136
0.0
7.541478129713424e-05
7.541478129713424e-05
3.770739064856712e-05
3.770739064856712e-05
3.770739064856712e-05
0.0
3.770739064856712e-05
0.0
0.0
0.0
0.0
0.0
0.0
0.001583710407239819
0.001583710407239819
0.0014705882352941176
0.0011312217194570137
0.0007918552036199095
0.0008295625942684766
0.0009049773755656109
0.0005279034690799396
0.0006787330316742081
0.0004147812971342383
0.0005279034690799396
0.0006787330316742081
0.00045248868778280545
0.0004901960784313725
0.00033936651583710406
0.0005279034690799396
0.0004901960784313725
0.00045248868778280545
0.00045248868778280545
0.0006033182503770739
0.00033936651583710406
0.0001885369532428356
0.00015082956259426848
0.00030165912518853697
0.0002639517345399698
0.00015082956259426848
0.0001885369532428356
0.0001885369532428356
0.00015082956259426848
0.00011312217194570136
7.541478129713424e-05
3.770739064856712e-05
7.541478129713424e-05
3.770739064856712e-05
7.541478129713424e-05
0.0002639517345399698
3.770739064856712e-05
7.541478129713424e-05
7.541478129713424e-05
0.0
7.541478129713424e-05
3.770739064856712e-05
0.0
0.0
3.770739064856712e-05
7.541478129713424e-05
7.541478129713424e-05
0.0
0.0
0.0
0.0
0.0
0.0
0.0029788838612368022
0.0026772247360482655
0.0024132730015082957
0.0015460030165912518
0.001282051282051282
0.000942684766214178
0.0004901960784313725
0.0008295625942684766
0.0005656108597285068
0.00045248868778280545
0.0003770739064856712
0.0004901960784313725
0.0001885369532428356
0.0001885369532428356
0.00015082956259426848
0.00022624434389140272
0.0001885369532428356
0.00011312217194570136
0.00011312217194570136
3.770739064856712e-05
7.541478129713424e-05
3.770739064856712e-05
3.770739064856712e-05
3.770739064856712e-05
7.541478129713424e-05
0.0
0.0
3.770739064856712e-05
0.0
0.0
0.0
0.0
0.0
0.0
0.0
0.0
0.0
0.0
0.0
0.0
3.770739064856712e-05
0.0
0.0
0.0
0.0
0.0
0.0
0.0
0.0
0.0
0.0
0.0
0.0
0.0020739064856711916
0.0021116138763197585
0.002187028657616893
0.0018099547511312218
0.0011689291101055807
0.0010558069381598793
0.0007918552036199095
0.000641025641025641
0.0004901960784313725
0.000641025641025641
0.0006787330316742081
0.0006033182503770739
0.00030165912518853697
0.0003770739064856712
0.0001885369532428356
0.00015082956259426848
0.00011312217194570136
7.541478129713424e-05
7.541478129713424e-05
0.0001885369532428356
0.0
7.541478129713424e-05
0.00011312217194570136
7.541478129713424e-05
7.541478129713424e-05
0.0
0.0
0.0
3.770739064856712e-05
3.770739064856712e-05
3.770739064856712e-05
7.541478129713424e-05
0.0
7.541478129713424e-05
0.0
0.0
0.0
3.770739064856712e-05
0.0
0.0
3.770739064856712e-05
0.0
0.0
0.0
0.0
0.0
0.0
0.0
0.0
0.0
0.0
0.0
0.0
0.0020739064856711916
0.0018476621417797888
0.001885369532428356
0.0017345399698340874
0.0008295625942684766
0.0011689291101055807
0.001282051282051282
0.000641025641025641
0.0007164404223227752
0.0007164404223227752
0.0005279034690799396
0.00045248868778280545
0.00030165912518853697
0.00030165912518853697
0.00033936651583710406
0.0001885369532428356
3.770739064856712e-05
7.541478129713424e-05
3.770739064856712e-05
0.00011312217194570136
7.541478129713424e-05
0.00015082956259426848
7.541478129713424e-05
0.0
3.770739064856712e-05
7.541478129713424e-05
7.541478129713424e-05
7.541478129713424e-05
0.0
7.541478129713424e-05
0.00011312217194570136
3.770739064856712e-05
0.0
3.770739064856712e-05
0.0
0.0
3.770739064856712e-05
0.0
3.770739064856712e-05
0.0
0.0
0.0
0.0
0.0
0.0
3.770739064856712e-05
0.0
0.0
0.0
0.0
0.0
0.0
0.0
0.0021116138763197585
0.001282051282051282
0.002149321266968326
0.0016968325791855204
0.0016591251885369532
0.0013951734539969834
0.0004901960784313725
0.0007918552036199095
0.0010558069381598793
0.0008295625942684766
0.0007164404223227752
0.0007164404223227752
0.00033936651583710406
0.0003770739064856712
0.00015082956259426848
0.00022624434389140272
0.00030165912518853697
0.00030165912518853697
0.00033936651583710406
0.00015082956259426848
7.541478129713424e-05
0.0001885369532428356
0.00011312217194570136
0.0
7.541478129713424e-05
3.770739064856712e-05
3.770739064856712e-05
0.0
7.541478129713424e-05
3.770739064856712e-05
3.770739064856712e-05
7.541478129713424e-05
3.770739064856712e-05
7.541478129713424e-05
0.0
0.0
0.0
0.0
0.0
0.0
3.770739064856712e-05
0.0
3.770739064856712e-05
3.770739064856712e-05
0.0
0.0
0.0
0.0
0.0
0.0
0.0
0.0
0.0
0.002601809954751131
0.0022624434389140274
0.00196078431372549
0.0014328808446455504
0.0011312217194570137
0.000942684766214178
0.0012066365007541479
0.000942684766214178
0.0006787330316742081
0.0004147812971342383
0.000641025641025641
0.0005656108597285068
0.00030165912518853697
0.0003770739064856712
0.00022624434389140272
0.0002639517345399698
0.00033936651583710406
0.0001885369532428356
0.00015082956259426848
7.541478129713424e-05
0.00022624434389140272
3.770739064856712e-05
3.770739064856712e-05
0.0
3.770739064856712e-05
7.541478129713424e-05
0.0
3.770739064856712e-05
3.770739064856712e-05
0.0
3.770739064856712e-05
0.0
0.0
0.0
0.0
0.0
0.0
0.0
0.0
0.0
0.0
3.770739064856712e-05
0.0
0.0
0.0
0.0
0.0
0.0
0.0
0.0
0.0
0.0
0.0
0.0023755656108597283
0.0014705882352941176
0.00196078431372549
0.0015082956259426848
0.0009049773755656109
0.0011312217194570137
0.0010180995475113123
0.0008295625942684766
0.0009049773755656109
0.0007164404223227752
0.0006033182503770739
0.000942684766214178
0.00033936651583710406
0.0005279034690799396
0.00033936651583710406
0.00033936651583710406
0.00015082956259426848
3.770739064856712e-05
3.770739064856712e-05
7.541478129713424e-05
3.770739064856712e-05
3.770739064856712e-05
7.541478129713424e-05
3.770739064856712e-05
0.0
3.770739064856712e-05
3.770739064856712e-05
0.0
0.0
3.770739064856712e-05
7.541478129713424e-05
0.0
0.0
3.770739064856712e-05
0.0
0.0
7.541478129713424e-05
3.770739064856712e-05
0.0
0.0
0.0
0.0
0.0
0.0
0.0
0.0
0.0
0.0
0.0
0.0
0.0
0.0
0.0
0.0021116138763197585
0.001583710407239819
0.001583710407239819
0.0014328808446455504
0.0013951734539969834
0.0010558069381598793
0.0014328808446455504
0.000942684766214178
0.0010558069381598793
0.0007918552036199095
0.0008672699849170437
0.000641025641025641
0.0004147812971342383
0.00033936651583710406
0.00033936651583710406
0.0004901960784313725
0.00015082956259426848
0.00015082956259426848
0.0001885369532428356
0.0002639517345399698
0.0
7.541478129713424e-05
7.541478129713424e-05
0.0
7.541478129713424e-05
0.0
0.0
3.770739064856712e-05
0.0
3.770739064856712e-05
0.0
3.770739064856712e-05
0.0
0.0
3.770739064856712e-05
0.0
0.0
3.770739064856712e-05
0.0
0.0
0.0
0.0
0.0
0.0
0.0
0.0
0.0
0.0
0.0
0.0
0.0
0.0
0.0
0.00196078431372549
0.0014705882352941176
0.0018099547511312218
0.0013951734539969834
0.0016214177978883862
0.0014328808446455504
0.0008672699849170437
0.0009049773755656109
0.0013197586726998493
0.000942684766214178
0.0007164404223227752
0.0007164404223227752
0.0007164404223227752
0.00030165912518853697
0.0004901960784313725
0.0002639517345399698
0.00033936651583710406
0.00030165912518853697
0.00011312217194570136
0.00011312217194570136
0.00011312217194570136
3.770739064856712e-05
0.0
0.0
0.0
0.0
3.770739064856712e-05
3.770739064856712e-05
3.770739064856712e-05
0.0
3.770739064856712e-05
0.0
0.0
0.0
3.770739064856712e-05
0.0
0.0
0.0
0.0
0.0
0.0
0.0
0.0
0.0
0.0
0.0
0.0
0.0
0.0
0.0
0.0
0.0
0.0
0.001583710407239819
0.0014705882352941176
0.0013951734539969834
0.001583710407239819
0.0013951734539969834
0.001282051282051282
0.0011689291101055807
0.0015460030165912518
0.0010180995475113123
0.000980392156862745
0.000980392156862745
0.00045248868778280545
0.0004901960784313725
0.0003770739064856712
0.0003770739064856712
0.0002639517345399698
0.00033936651583710406
0.00033936651583710406
0.00015082956259426848
0.00015082956259426848
0.00011312217194570136
3.770739064856712e-05
0.0
7.541478129713424e-05
0.00011312217194570136
0.00015082956259426848
3.770739064856712e-05
3.770739064856712e-05
0.00011312217194570136
3.770739064856712e-05
0.0
0.0
0.0
0.0
3.770739064856712e-05
0.0
0.0
3.770739064856712e-05
0.0
0.0
0.0
0.0
0.0
0.0
0.0
0.0
0.0
0.0
0.0
0.0
0.0
0.0
0.0
0.001583710407239819
0.0017345399698340874
0.0016591251885369532
0.001282051282051282
0.0018099547511312218
0.0017345399698340874
0.0013574660633484162
0.000942684766214178
0.001282051282051282
0.0013951734539969834
0.0005656108597285068
0.000641025641025641
0.0005656108597285068
0.00045248868778280545
0.0001885369532428356
0.0002639517345399698
0.00030165912518853697
7.541478129713424e-05
0.0002639517345399698
0.00015082956259426848
3.770739064856712e-05
7.541478129713424e-05
7.541478129713424e-05
0.00015082956259426848
7.541478129713424e-05
0.0
3.770739064856712e-05
3.770739064856712e-05
3.770739064856712e-05
7.541478129713424e-05
0.0
0.0
3.770739064856712e-05
0.0
0.0
0.0
0.0
3.770739064856712e-05
0.0
0.0
3.770739064856712e-05
0.0
0.0
0.0
0.0
3.770739064856712e-05
0.0
0.0
0.0
0.0
0.0
0.0
0.0
0.0013574660633484162
0.0010935143288084465
0.0012443438914027148
0.0019230769230769232
0.0016591251885369532
0.0019230769230769232
0.0012443438914027148
0.000942684766214178
0.0013574660633484162
0.0010935143288084465
0.0008672699849170437
0.0005656108597285068
0.0004147812971342383
0.0005279034690799396
0.0006787330316742081
0.00030165912518853697
0.0004147812971342383
0.00033936651583710406
0.00030165912518853697
0.00011312217194570136
0.00011312217194570136
0.00015082956259426848
7.541478129713424e-05
7.541478129713424e-05
0.0
0.00011312217194570136
0.0
0.0
0.0
0.0
0.0
7.541478129713424e-05
0.0
0.0
0.0
0.0
0.0
0.0
0.0
0.0
0.0
0.0
0.0
0.0
0.0
0.0
0.0
0.0
0.0
0.0
0.0
0.0
0.0
0.0016591251885369532
0.0014328808446455504
0.0016214177978883862
0.0015082956259426848
0.0016968325791855204
0.0016214177978883862
0.0012443438914027148
0.001583710407239819
0.0014705882352941176
0.0010935143288084465
0.0008672699849170437
0.0007164404223227752
0.0007541478129713424
0.0004147812971342383
0.0004147812971342383
0.0005279034690799396
0.00022624434389140272
0.00011312217194570136
0.0003770739064856712
7.541478129713424e-05
7.541478129713424e-05
7.541478129713424e-05
0.0
0.0
0.0
7.541478129713424e-05
0.0
0.0
0.0
3.770739064856712e-05
0.0
3.770739064856712e-05
3.770739064856712e-05
0.0
0.0
0.0
3.770739064856712e-05
0.0
0.0
0.0
0.0
0.0
0.0
0.0
0.0
0.0
0.0
0.0
0.0
0.0
0.0
0.0
0.0
0.001282051282051282
0.0015082956259426848
0.001583710407239819
0.0018099547511312218
0.001998491704374057
0.002149321266968326
0.000980392156862745
0.0014705882352941176
0.0013574660633484162
0.0013197586726998493
0.0008672699849170437
0.000942684766214178
0.0011312217194570137
0.0005279034690799396
0.0005279034690799396
0.0001885369532428356
0.00030165912518853697
0.00033936651583710406
7.541478129713424e-05
0.00015082956259426848
0.00022624434389140272
3.770739064856712e-05
3.770739064856712e-05
7.541478129713424e-05
0.0
3.770739064856712e-05
3.770739064856712e-05
0.0
0.0
3.770739064856712e-05
0.0
3.770739064856712e-05
3.770739064856712e-05
3.770739064856712e-05
0.0
0.0
0.0
0.0
3.770739064856712e-05
3.770739064856712e-05
0.0
0.0
0.0
0.0
0.0
0.0
0.0
0.0
0.0
0.0
0.0
0.0
0.0
0.0010558069381598793
0.0012066365007541479
0.0014328808446455504
0.0016968325791855204
0.0013197586726998493
0.0015460030165912518
0.0015460030165912518
0.0009049773755656109
0.0010935143288084465
0.0010558069381598793
0.000980392156862745
0.0009049773755656109
0.0007541478129713424
0.0008672699849170437
0.00045248868778280545
0.0003770739064856712
0.0003770739064856712
0.00011312217194570136
7.541478129713424e-05
0.00011312217194570136
0.0
0.00011312217194570136
0.0
7.541478129713424e-05
0.0
0.0
0.0
0.0
3.770739064856712e-05
0.0
3.770739064856712e-05
3.770739064856712e-05
0.0
0.0
0.0
0.0
0.0
0.0
0.0
0.0
0.0
0.0
0.0
0.0
0.0
0.0
0.0
0.0
0.0
0.0
0.0
0.0
0.0
0.000942684766214178
0.000980392156862745
0.001583710407239819
0.0013574660633484162
0.0019230769230769232
0.0015460030165912518
0.0015082956259426848
0.0015460030165912518
0.000980392156862745
0.0013574660633484162
0.0007541478129713424
0.0009049773755656109
0.0007541478129713424
0.0005279034690799396
0.0005656108597285068
0.0002639517345399698
0.0004147812971342383
0.0004147812971342383
0.00011312217194570136
7.541478129713424e-05
0.00011312217194570136
0.00011312217194570136
3.770739064856712e-05
3.770739064856712e-05
3.770739064856712e-05
3.770739064856712e-05
3.770739064856712e-05
0.0
3.770739064856712e-05
0.0
0.0
0.0
0.0
0.0
0.0
0.0
0.0
0.0
0.0
0.0
0.0
0.0
0.0
0.0
0.0
0.0
0.0
0.0
0.0
0.0
0.0
0.0
0.0
0.0012066365007541479
0.0015460030165912518
0.002149321266968326
0.0014705882352941176
0.0014328808446455504
0.0019230769230769232
0.0017345399698340874
0.0012443438914027148
0.0011689291101055807
0.0012443438914027148
0.0010558069381598793
0.001282051282051282
0.0007918552036199095
0.0003770739064856712
0.000641025641025641
0.00022624434389140272
0.0004147812971342383
0.00030165912518853697
0.00011312217194570136
3.770739064856712e-05
7.541478129713424e-05
3.770739064856712e-05
3.770739064856712e-05
0.0
3.770739064856712e-05
7.541478129713424e-05
0.0
0.0
0.0
0.0
0.0
0.0
0.0
0.0
0.0
0.0
0.0
0.0
0.0
0.0
0.0
0.0
0.0
0.0
0.0
0.0
0.0
0.0
0.0
0.0
0.0
0.0
0.0
0.0016214177978883862
0.0014705882352941176
0.001885369532428356
0.0018476621417797888
0.0017722473604826546
0.0020361990950226246
0.0021116138763197585
0.0014705882352941176
0.0010558069381598793
0.0010180995475113123
0.0011689291101055807
0.0011312217194570137
0.0007164404223227752
0.0007541478129713424
0.0003770739064856712
0.00045248868778280545
0.00030165912518853697
0.00030165912518853697
0.00011312217194570136
0.0001885369532428356
0.0
3.770739064856712e-05
0.00011312217194570136
7.541478129713424e-05
0.0
0.0
0.0
0.0
0.0
0.0
0.0
0.0
0.0
0.0
0.0
0.0
0.0
0.0
0.0
0.0
0.0
0.0
0.0
0.0
0.0
0.0
0.0
0.0
0.0
0.0
0.0
0.0
0.0
0.0010180995475113123
0.0013574660633484162
0.0016591251885369532
0.0018099547511312218
0.0013574660633484162
0.0019230769230769232
0.0011689291101055807
0.0018099547511312218
0.0013197586726998493
0.0010558069381598793
0.0010935143288084465
0.000942684766214178
0.0011689291101055807
0.000641025641025641
0.00030165912518853697
0.0006787330316742081
0.0002639517345399698
0.00033936651583710406
0.0001885369532428356
0.00015082956259426848
0.0001885369532428356
0.00015082956259426848
0.0
7.541478129713424e-05
0.0
3.770739064856712e-05
3.770739064856712e-05
0.0
3.770739064856712e-05
0.0
0.0
0.0
0.0
0.0
0.0
0.0
0.0
0.0
0.0
0.0
0.0
0.0
0.0
0.0
0.0
0.0
0.0
0.0
0.0
0.0
0.0
0.0
0.0
0.0013574660633484162
0.0014328808446455504
0.0023378582202111613
0.0018476621417797888
0.0016214177978883862
0.0016968325791855204
0.0015082956259426848
0.0013574660633484162
0.0013951734539969834
0.0010180995475113123
0.0009049773755656109
0.0008672699849170437
0.0006033182503770739
0.0008295625942684766
0.00033936651583710406
0.0005656108597285068
0.0002639517345399698
0.00030165912518853697
0.00022624434389140272
0.00011312217194570136
0.00011312217194570136
7.541478129713424e-05
0.0
3.770739064856712e-05
3.770739064856712e-05
3.770739064856712e-05
3.770739064856712e-05
0.0
3.770739064856712e-05
0.0
0.0
0.0
0.0
0.0
0.0
3.770739064856712e-05
0.0
0.0
0.0
0.0
0.0
0.0
0.0
0.0
0.0
0.0
0.0
0.0
0.0
0.0
0.0
0.0
0.0
0.0012443438914027148
0.0012443438914027148
0.001885369532428356
0.0021116138763197585
0.0016591251885369532
0.0019230769230769232
0.0017722473604826546
0.0016591251885369532
0.0013197586726998493
0.0011689291101055807
0.0007918552036199095
0.000980392156862745
0.000942684766214178
0.0005279034690799396
0.0005656108597285068
0.0002639517345399698
0.00033936651583710406
0.0002639517345399698
0.00022624434389140272
0.00011312217194570136
0.00011312217194570136
7.541478129713424e-05
0.0
3.770739064856712e-05
0.0
0.0
0.0
0.0
0.0
0.0
0.0
0.0
0.0
0.0
0.0
0.0
0.0
0.0
0.0
0.0
0.0
0.0
0.0
0.0
0.0
0.0
0.0
0.0
0.0
0.0
0.0
0.0
0.0
0.0010935143288084465
0.0015082956259426848
0.001998491704374057
0.001885369532428356
0.00196078431372549
0.001885369532428356
0.0017345399698340874
0.0014705882352941176
0.0013197586726998493
0.0012066365007541479
0.0010935143288084465
0.0007541478129713424
0.0007541478129713424
0.0006787330316742081
0.0003770739064856712
0.000641025641025641
0.0003770739064856712
0.00033936651583710406
0.0002639517345399698
0.00011312217194570136
7.541478129713424e-05
3.770739064856712e-05
7.541478129713424e-05
0.0
0.0
0.0
0.0
0.0
0.0
0.0
0.0
0.0
0.0
0.0
0.0
0.0
0.0
0.0
0.0
0.0
0.0
0.0
0.0
0.0
0.0
0.0
0.0
0.0
0.0
0.0
0.0
0.0
0.0
0.0015460030165912518
0.0012443438914027148
0.0023001508295625943
0.0016968325791855204
0.00222473604826546
0.00196078431372549
0.0016968325791855204
0.0012443438914027148
0.0013951734539969834
0.0013574660633484162
0.000980392156862745
0.0016214177978883862
0.00045248868778280545
0.0006033182503770739
0.00045248868778280545
0.0006787330316742081
0.00045248868778280545
0.00022624434389140272
0.0001885369532428356
0.0
3.770739064856712e-05
0.0
3.770739064856712e-05
3.770739064856712e-05
0.0
0.0
0.0
0.0
0.0
0.0
3.770739064856712e-05
0.0
0.0
0.0
0.0
0.0
0.0
0.0
0.0
0.0
0.0
0.0
0.0
0.0
0.0
0.0
0.0
0.0
0.0
0.0
0.0
0.0
0.0
0.0013574660633484162
0.0017722473604826546
0.00222473604826546
0.0020361990950226246
0.0015460030165912518
0.0016968325791855204
0.001998491704374057
0.0014328808446455504
0.0016968325791855204
0.0014328808446455504
0.0012443438914027148
0.0011312217194570137
0.0009049773755656109
0.000641025641025641
0.000641025641025641
0.00030165912518853697
0.0001885369532428356
0.0003770739064856712
0.00011312217194570136
0.00022624434389140272
0.00011312217194570136
0.00011312217194570136
0.0
7.541478129713424e-05
0.0
0.0
0.0
0.0
0.0
0.0
0.0
0.0
0.0
0.0
0.0
0.0
0.0
0.0
0.0
0.0
0.0
0.0
0.0
0.0
0.0
0.0
0.0
0.0
0.0
0.0
0.0
0.0
0.0
0.0010558069381598793
0.000980392156862745
0.00196078431372549
0.0018476621417797888
0.0020739064856711916
0.0020739064856711916
0.0015460030165912518
0.0019230769230769232
0.0014705882352941176
0.001583710407239819
0.0010935143288084465
0.0006787330316742081
0.000942684766214178
0.0011689291101055807
0.00033936651583710406
7.541478129713424e-05
0.0003770739064856712
0.00011312217194570136
0.00015082956259426848
0.00015082956259426848
3.770739064856712e-05
7.541478129713424e-05
7.541478129713424e-05
0.0
0.0
0.0
3.770739064856712e-05
0.0
0.0
0.0
0.0
0.0
0.0
3.770739064856712e-05
0.0
0.0
0.0
0.0
0.0
0.0
0.0
0.0
0.0
0.0
0.0
0.0
0.0
0.0
0.0
0.0
0.0
0.0
0.0
0.0012443438914027148
0.0015460030165912518
0.00222473604826546
0.0020361990950226246
0.0016214177978883862
0.0016968325791855204
0.0021116138763197585
0.002187028657616893
0.0014328808446455504
0.000942684766214178
0.0012066365007541479
0.0010935143288084465
0.0009049773755656109
0.0005656108597285068
0.0005279034690799396
0.00045248868778280545
0.00030165912518853697
0.00030165912518853697
0.00011312217194570136
7.541478129713424e-05
7.541478129713424e-05
3.770739064856712e-05
0.0
0.0
0.0
0.0
0.0
0.0
0.0
3.770739064856712e-05
0.0
0.0
0.0
0.0
0.0
0.0
0.0
0.0
0.0
0.0
0.0
0.0
0.0
0.0
0.0
0.0
0.0
0.0
0.0
0.0
0.0
0.0
0.0
0.000942684766214178
0.0011689291101055807
0.002149321266968326
0.00196078431372549
0.0020739064856711916
0.002149321266968326
0.0018476621417797888
0.001885369532428356
0.0016968325791855204
0.001282051282051282
0.0015460030165912518
0.0011312217194570137
0.0006787330316742081
0.0007541478129713424
0.0006787330316742081
0.0003770739064856712
0.0003770739064856712
0.00015082956259426848
0.0001885369532428356
7.541478129713424e-05
0.00011312217194570136
0.0
0.0
0.0
0.0
0.0
0.0
3.770739064856712e-05
3.770739064856712e-05
0.0
0.0
0.0
3.770739064856712e-05
0.0
0.0
0.0
0.0
0.0
3.770739064856712e-05
0.0
0.0
0.0
0.0
0.0
0.0
0.0
0.0
0.0
0.0
0.0
0.0
0.0
0.0
0.0011689291101055807
0.0014705882352941176
0.0017722473604826546
0.00222473604826546
0.001885369532428356
0.00196078431372549
0.0016214177978883862
0.0017722473604826546
0.0015082956259426848
0.0011689291101055807
0.0012066365007541479
0.0010935143288084465
0.0010558069381598793
0.000980392156862745
0.0007918552036199095
0.0006033182503770739
0.0004901960784313725
0.00022624434389140272
7.541478129713424e-05
0.00015082956259426848
0.00011312217194570136
7.541478129713424e-05
0.0
0.0
0.0
0.0
0.0
0.0
3.770739064856712e-05
0.0
0.0
0.0
0.0
3.770739064856712e-05
0.0
0.0
0.0
3.770739064856712e-05
0.0
0.0
0.0
0.0
0.0
0.0
0.0
0.0
0.0
0.0
0.0
0.0
0.0
0.0
0.0
0.0016214177978883862
0.0013951734539969834
0.002564102564102564
0.0016591251885369532
0.0024886877828054297
0.00196078431372549
0.0018099547511312218
0.0020739064856711916
0.001885369532428356
0.0018476621417797888
0.0012443438914027148
0.0005279034690799396
0.0007541478129713424
0.000641025641025641
0.0005279034690799396
0.00033936651583710406
0.0004147812971342383
0.0001885369532428356
0.00011312217194570136
3.770739064856712e-05
3.770739064856712e-05
0.0
3.770739064856712e-05
3.770739064856712e-05
0.0
0.0
0.0
0.0
7.541478129713424e-05
0.0
0.0
0.0
0.0
0.0
0.0
0.0
0.0
0.0
0.0
0.0
0.0
0.0
0.0
0.0
0.0
0.0
0.0
0.0
0.0
0.0
0.0
0.0
0.0
0.0010935143288084465
0.0016214177978883862
0.001885369532428356
0.0016591251885369532
0.002564102564102564
0.00222473604826546
0.0022624434389140274
0.00196078431372549
0.0017345399698340874
0.0013574660633484162
0.0012443438914027148
0.0009049773755656109
0.000980392156862745
0.000641025641025641
0.0003770739064856712
0.0001885369532428356
7.541478129713424e-05
0.00022624434389140272
0.00015082956259426848
0.00011312217194570136
7.541478129713424e-05
0.0
0.0
0.0
7.541478129713424e-05
3.770739064856712e-05
3.770739064856712e-05
0.0
0.0
0.0
0.0
3.770739064856712e-05
3.770739064856712e-05
0.0
3.770739064856712e-05
3.770739064856712e-05
0.0
0.0
0.0
0.0
0.0
0.0
0.0
0.0
0.0
0.0
0.0
0.0
0.0
0.0
0.0
0.0
0.0
0.001282051282051282
0.0014328808446455504
0.001885369532428356
0.0016214177978883862
0.0017722473604826546
0.0020361990950226246
0.001885369532428356
0.0013951734539969834
0.0017345399698340874
0.0012066365007541479
0.0015082956259426848
0.0010180995475113123
0.0007541478129713424
0.000641025641025641
0.0005279034690799396
0.0004901960784313725
0.0004901960784313725
0.00022624434389140272
0.00011312217194570136
3.770739064856712e-05
3.770739064856712e-05
0.0
0.0
0.00015082956259426848
3.770739064856712e-05
3.770739064856712e-05
3.770739064856712e-05
3.770739064856712e-05
0.0
0.0
0.0
0.0
0.0
7.541478129713424e-05
0.0
0.0
0.0
0.0
0.0
0.0
0.0
0.0
0.0
0.0
0.0
0.0
0.0
0.0
0.0
0.0
0.0
0.0
0.0
0.0013574660633484162
0.0015082956259426848
0.0024132730015082957
0.0021116138763197585
0.0019230769230769232
0.0018099547511312218
0.0022624434389140274
0.0023001508295625943
0.0013951734539969834
0.0012443438914027148
0.0010935143288084465
0.000641025641025641
0.0007164404223227752
0.0006787330316742081
0.00045248868778280545
0.0007541478129713424
0.0004901960784313725
0.00033936651583710406
7.541478129713424e-05
0.00011312217194570136
0.0
7.541478129713424e-05
0.00011312217194570136
3.770739064856712e-05
7.541478129713424e-05
0.0
3.770739064856712e-05
0.0
3.770739064856712e-05
0.0
3.770739064856712e-05
0.0
3.770739064856712e-05
0.0
0.0
0.0
0.0
0.0
0.0
0.0
0.0
0.0
0.0
0.0
0.0
0.0
0.0
0.0
0.0
0.0
0.0
0.0
0.0
0.0014705882352941176
0.0013951734539969834
0.0014705882352941176
0.0021116138763197585
0.0021116138763197585
0.0023001508295625943
0.0017722473604826546
0.001282051282051282
0.0020739064856711916
0.0015460030165912518
0.0012443438914027148
0.0007164404223227752
0.0007541478129713424
0.00045248868778280545
0.00033936651583710406
0.00022624434389140272
0.00011312217194570136
0.00011312217194570136
0.0001885369532428356
3.770739064856712e-05
0.0
7.541478129713424e-05
3.770739064856712e-05
3.770739064856712e-05
3.770739064856712e-05
7.541478129713424e-05
3.770739064856712e-05
7.541478129713424e-05
3.770739064856712e-05
3.770739064856712e-05
0.0
0.0
3.770739064856712e-05
3.770739064856712e-05
0.0
0.0
0.0
3.770739064856712e-05
0.0
0.0
0.0
0.0
0.0
0.0
0.0
0.0
0.0
0.0
0.0
0.0
0.0
0.0
0.0
0.000980392156862745
0.0014328808446455504
0.00196078431372549
0.002187028657616893
0.0015460030165912518
0.001998491704374057
0.0020739064856711916
0.0013951734539969834
0.0014328808446455504
0.001282051282051282
0.0008672699849170437
0.000942684766214178
0.0010935143288084465
0.0005279034690799396
0.0006033182503770739
0.00022624434389140272
0.0001885369532428356
0.00015082956259426848
3.770739064856712e-05
0.0002639517345399698
7.541478129713424e-05
0.00015082956259426848
0.0
3.770739064856712e-05
7.541478129713424e-05
0.0
0.00011312217194570136
7.541478129713424e-05
0.00011312217194570136
0.0
7.541478129713424e-05
0.0
0.0
3.770739064856712e-05
0.0
0.0
0.0
3.770739064856712e-05
7.541478129713424e-05
0.0
0.0
0.0
0.0
0.0
0.0
0.0
0.0
0.0
0.0
0.0
0.0
0.0
0.0
0.0008295625942684766
0.0010558069381598793
0.0020739064856711916
0.001583710407239819
0.002187028657616893
0.001885369532428356
0.0017722473604826546
0.001998491704374057
0.0010558069381598793
0.000942684766214178
0.0008672699849170437
0.0007164404223227752
0.0007918552036199095
0.0009049773755656109
0.00030165912518853697
0.00011312217194570136
0.00015082956259426848
0.00015082956259426848
0.00030165912518853697
0.00011312217194570136
3.770739064856712e-05
0.00011312217194570136
0.0
0.0
0.00011312217194570136
3.770739064856712e-05
0.00011312217194570136
3.770739064856712e-05
3.770739064856712e-05
3.770739064856712e-05
7.541478129713424e-05
3.770739064856712e-05
3.770739064856712e-05
3.770739064856712e-05
0.0
0.0
7.541478129713424e-05
0.0
0.0
0.0
0.0
0.0
0.0
0.0
0.0
3.770739064856712e-05
0.0
0.0
0.0
0.0
0.0
0.0
0.0
0.0011312217194570137
0.0013197586726998493
0.0016214177978883862
0.001885369532428356
0.0020361990950226246
0.0018099547511312218
0.0020739064856711916
0.0015082956259426848
0.0011689291101055807
0.0013197586726998493
0.0007164404223227752
0.0008295625942684766
0.0005656108597285068
0.0003770739064856712
0.00011312217194570136
3.770739064856712e-05
0.00015082956259426848
0.0002639517345399698
0.00030165912518853697
0.00011312217194570136
0.00011312217194570136
0.0
7.541478129713424e-05
7.541478129713424e-05
3.770739064856712e-05
0.00015082956259426848
3.770739064856712e-05
3.770739064856712e-05
7.541478129713424e-05
0.0
3.770739064856712e-05
3.770739064856712e-05
0.0
0.0
0.0
3.770739064856712e-05
7.541478129713424e-05
7.541478129713424e-05
0.0
3.770739064856712e-05
0.0
0.0
0.0
0.0
0.0
0.0
3.770739064856712e-05
0.0
0.0
0.0
0.0
0.0
0.0
0.0010935143288084465
0.0013574660633484162
0.0017345399698340874
0.0014328808446455504
0.0019230769230769232
0.001998491704374057
0.0014328808446455504
0.0014328808446455504
0.0014705882352941176
0.0011312217194570137
0.0010180995475113123
0.000980392156862745
0.0005279034690799396
0.00033936651583710406
0.00011312217194570136
0.0001885369532428356
0.0004147812971342383
0.00030165912518853697
0.00022624434389140272
0.00011312217194570136
3.770739064856712e-05
0.0002639517345399698
0.0
7.541478129713424e-05
0.00011312217194570136
0.0001885369532428356
0.0
7.541478129713424e-05
0.00011312217194570136
0.0
3.770739064856712e-05
3.770739064856712e-05
0.0
0.0
0.0
0.0
0.0
0.0
0.0
0.0
0.0
3.770739064856712e-05
0.0
0.0
0.0
0.0
0.0
0.0
0.0
0.0
0.0
3.770739064856712e-05
0.0
0.0011689291101055807
0.0013574660633484162
0.0016968325791855204
0.001998491704374057
0.0017345399698340874
0.001998491704374057
0.0016214177978883862
0.0015460030165912518
0.0010180995475113123
0.0014705882352941176
0.0006787330316742081
0.0007164404223227752
0.0002639517345399698
0.00011312217194570136
0.00045248868778280545
0.0005279034690799396
0.0005279034690799396
0.0001885369532428356
0.00022624434389140272
0.00015082956259426848
0.0001885369532428356
0.00011312217194570136
3.770739064856712e-05
0.00015082956259426848
0.00011312217194570136
7.541478129713424e-05
0.00011312217194570136
0.0
0.0
3.770739064856712e-05
3.770739064856712e-05
3.770739064856712e-05
0.0
0.0
0.0
0.0
0.0
0.0
3.770739064856712e-05
0.0
3.770739064856712e-05
0.0
0.0
0.0
0.0
0.0
0.0
0.0
3.770739064856712e-05
0.0
0.0
0.0
0.0
0.0011689291101055807
0.0016214177978883862
0.0020739064856711916
0.0015460030165912518
0.0017345399698340874
0.0019230769230769232
0.0014328808446455504
0.0011689291101055807
0.0014705882352941176
0.001282051282051282
0.0011689291101055807
0.0005279034690799396
0.00045248868778280545
0.00033936651583710406
0.0005279034690799396
0.0003770739064856712
0.00030165912518853697
0.00022624434389140272
7.541478129713424e-05
0.0001885369532428356
0.0003770739064856712
0.00011312217194570136
0.00011312217194570136
3.770739064856712e-05
7.541478129713424e-05
3.770739064856712e-05
7.541478129713424e-05
7.541478129713424e-05
7.541478129713424e-05
7.541478129713424e-05
3.770739064856712e-05
0.0
0.0
3.770739064856712e-05
0.0
0.0
0.0
0.0
0.0
3.770739064856712e-05
0.0
0.0
0.0
0.0
0.0
0.0
0.0
0.0
0.0
0.0
0.0
3.770739064856712e-05
0.0
0.0007918552036199095
0.0010558069381598793
0.0020361990950226246
0.0015460030165912518
0.0011689291101055807
0.0016968325791855204
0.0019230769230769232
0.0010935143288084465
0.000980392156862745
0.0010558069381598793
0.0006033182503770739
0.0003770739064856712
0.0001885369532428356
0.00033936651583710406
0.0003770739064856712
0.0004901960784313725
0.00033936651583710406
0.00015082956259426848
0.00011312217194570136
0.0001885369532428356
0.00015082956259426848
0.00030165912518853697
0.00015082956259426848
0.00011312217194570136
0.0001885369532428356
3.770739064856712e-05
0.0
0.00015082956259426848
0.00011312217194570136
7.541478129713424e-05
0.0
3.770739064856712e-05
0.0
0.0
0.0
0.0
0.0
0.0
0.0
0.0
0.0
0.0
0.0
3.770739064856712e-05
0.0
0.0
0.0
0.0
0.0
0.0
0.0
0.0
0.0
0.000942684766214178
0.0011312217194570137
0.0014328808446455504
0.0014705882352941176
0.0017345399698340874
0.0015082956259426848
0.0018099547511312218
0.0012066365007541479
0.0008672699849170437
0.0008672699849170437
0.0005656108597285068
0.0003770739064856712
0.0005656108597285068
0.00022624434389140272
0.0004147812971342383
0.00022624434389140272
0.0002639517345399698
0.00015082956259426848
0.0002639517345399698
0.00022624434389140272
0.0001885369532428356
0.00015082956259426848
0.00022624434389140272
0.0001885369532428356
0.00011312217194570136
3.770739064856712e-05
7.541478129713424e-05
0.0
0.0
0.00022624434389140272
0.0
3.770739064856712e-05
3.770739064856712e-05
7.541478129713424e-05
0.0
3.770739064856712e-05
3.770739064856712e-05
3.770739064856712e-05
0.00011312217194570136
3.770739064856712e-05
3.770739064856712e-05
0.0
0.0
3.770739064856712e-05
0.0
0.0
0.0
0.0
0.0
0.0
0.0
0.0
0.0
0.0008672699849170437
0.0010558069381598793
0.0012066365007541479
0.0013574660633484162
0.001583710407239819
0.0018099547511312218
0.0013197586726998493
0.0007541478129713424
0.0007164404223227752
0.0004901960784313725
0.0005279034690799396
0.0006787330316742081
0.0005656108597285068
0.0005279034690799396
0.00030165912518853697
0.0005279034690799396
0.00033936651583710406
0.00022624434389140272
0.00030165912518853697
0.0002639517345399698
0.00011312217194570136
3.770739064856712e-05
0.0001885369532428356
0.0001885369532428356
0.00011312217194570136
3.770739064856712e-05
0.00015082956259426848
3.770739064856712e-05
3.770739064856712e-05
3.770739064856712e-05
0.0
3.770739064856712e-05
3.770739064856712e-05
0.0
0.0
3.770739064856712e-05
3.770739064856712e-05
0.0
0.0
3.770739064856712e-05
3.770739064856712e-05
3.770739064856712e-05
0.0
0.0
0.0
0.0
0.0
3.770739064856712e-05
0.0
0.0
0.0
3.770739064856712e-05
0.0
0.0007164404223227752
0.0010558069381598793
0.0010935143288084465
0.0015082956259426848
0.0014328808446455504
0.001998491704374057
0.0007164404223227752
0.0010558069381598793
0.0009049773755656109
0.000641025641025641
0.0011312217194570137
0.0008295625942684766
0.0004147812971342383
0.00045248868778280545
0.0005279034690799396
0.00033936651583710406
0.0003770739064856712
0.00030165912518853697
0.00030165912518853697
0.00015082956259426848
0.00022624434389140272
7.541478129713424e-05
0.00015082956259426848
7.541478129713424e-05
0.00011312217194570136
0.00030165912518853697
7.541478129713424e-05
7.541478129713424e-05
3.770739064856712e-05
3.770739064856712e-05
0.00011312217194570136
0.0
7.541478129713424e-05
3.770739064856712e-05
0.00015082956259426848
0.00015082956259426848
0.0
3.770739064856712e-05
0.0
0.0
3.770739064856712e-05
0.0
0.0
3.770739064856712e-05
3.770739064856712e-05
0.0
0.0
0.0
0.0
0.0
3.770739064856712e-05
0.0
0.0
0.0009049773755656109
0.0012066365007541479
0.0016968325791855204
0.0016591251885369532
0.0015082956259426848
0.0013951734539969834
0.0010935143288084465
0.0007918552036199095
0.0004147812971342383
0.000980392156862745
0.00033936651583710406
0.0007164404223227752
0.0005279034690799396
0.0004147812971342383
0.00022624434389140272
0.0004901960784313725
0.00011312217194570136
0.0001885369532428356
0.00011312217194570136
0.0001885369532428356
0.0002639517345399698
0.00030165912518853697
0.0001885369532428356
0.00011312217194570136
0.0001885369532428356
0.00015082956259426848
7.541478129713424e-05
0.00011312217194570136
0.0
3.770739064856712e-05
3.770739064856712e-05
7.541478129713424e-05
0.0
0.0
0.0
0.0
0.0
0.0
0.0
0.0
3.770739064856712e-05
3.770739064856712e-05
3.770739064856712e-05
0.0
0.0
0.0
0.0
0.0
0.0
0.0
0.0
0.0
0.0
0.000942684766214178
0.000980392156862745
0.0015082956259426848
0.0017345399698340874
0.0010935143288084465
0.0014705882352941176
0.0008672699849170437
0.0007918552036199095
0.0009049773755656109
0.0004901960784313725
0.00045248868778280545
0.0005656108597285068
0.00033936651583710406
0.0004147812971342383
0.0004147812971342383
0.0003770739064856712
0.0003770739064856712
0.0002639517345399698
0.00022624434389140272
0.00030165912518853697
0.00033936651583710406
0.00011312217194570136
0.00015082956259426848
0.0002639517345399698
0.00022624434389140272
0.00022624434389140272
0.00022624434389140272
3.770739064856712e-05
0.00011312217194570136
7.541478129713424e-05
7.541478129713424e-05
7.541478129713424e-05
0.0
3.770739064856712e-05
7.541478129713424e-05
3.770739064856712e-05
7.541478129713424e-05
3.770739064856712e-05
0.0
0.0
0.0
0.0
0.0
0.0
0.0
0.0
0.0
0.0
0.0
0.0
0.0
0.0
0.0
0.0007918552036199095
0.0011689291101055807
0.001583710407239819
0.0009049773755656109
0.0007918552036199095
0.0009049773755656109
0.0007164404223227752
0.000980392156862745
0.0006787330316742081
0.0013197586726998493
0.0010558069381598793
0.0006787330316742081
0.000641025641025641
0.0006033182503770739
0.0005656108597285068
0.00030165912518853697
0.0005279034690799396
0.00033936651583710406
0.0005279034690799396
0.00045248868778280545
0.00011312217194570136
0.00022624434389140272
0.00030165912518853697
0.00022624434389140272
0.00015082956259426848
3.770739064856712e-05
3.770739064856712e-05
7.541478129713424e-05
3.770739064856712e-05
0.00011312217194570136
3.770739064856712e-05
0.0
0.0
3.770739064856712e-05
0.0
3.770739064856712e-05
3.770739064856712e-05
3.770739064856712e-05
0.0
0.0
3.770739064856712e-05
0.0
3.770739064856712e-05
0.0
0.0
0.0
3.770739064856712e-05
0.0
0.0
0.0
0.0
0.0
0.0
0.0007918552036199095
0.000942684766214178
0.0007164404223227752
0.001282051282051282
0.0010935143288084465
0.0007918552036199095
0.0009049773755656109
0.0007918552036199095
0.0011689291101055807
0.0010180995475113123
0.0007918552036199095
0.000641025641025641
0.0006033182503770739
0.0006033182503770739
0.0002639517345399698
0.0003770739064856712
0.00045248868778280545
0.00033936651583710406
0.00011312217194570136
0.00022624434389140272
0.0004147812971342383
0.0001885369532428356
0.00011312217194570136
7.541478129713424e-05
0.00011312217194570136
3.770739064856712e-05
0.00011312217194570136
7.541478129713424e-05
0.0
0.0
0.0
0.0
3.770739064856712e-05
0.0
0.0
0.0
0.0
0.0
0.0
0.0
0.0
0.0
0.0
0.0
0.0
0.0
0.0
0.0
0.0
0.0
0.0
0.0
0.0
0.0012443438914027148
0.0027526395173454
0.002526395173453997
0.003129713423831071
0.002149321266968326
0.000641025641025641
0.0004147812971342383
0.00033936651583710406
0.00011312217194570136
0.00045248868778280545
0.00030165912518853697
0.0001885369532428356
0.0002639517345399698
0.00011312217194570136
0.00011312217194570136
0.00022624434389140272
0.0002639517345399698
0.0002639517345399698
0.00011312217194570136
0.00015082956259426848
0.00011312217194570136
0.00015082956259426848
0.00015082956259426848
7.541478129713424e-05
7.541478129713424e-05
0.00011312217194570136
3.770739064856712e-05
0.0
0.0
0.0
3.770739064856712e-05
0.0
0.0
3.770739064856712e-05
0.0
0.0
0.0
0.0
0.0
0.0
0.0
0.0
0.0
0.0
0.0
0.0
0.0
0.0
0.0
0.0
0.0
0.0
0.0
