vec
0.020641025641025636
0.02033810960281548
0.020413524384112616
0.020094268476621418
0.019977375565610862
0.020441176470588237
0.019932126696832583
0.01994218200100553
0.01994595274007039
0.020002513826043233
0.01984162895927602
0.01979260935143288
0.01984791352438411
0.019918300653594772
0.01973227752639517
0.01985168426344897
0.019720965309200603
0.01964680744092509
0.01958647561588738
0.019918300653594772
0.01989064856711915
0.019886877828054296
0.01985545500251383
0.019751131221719457
0.02019105077928607
0.020330568124685772
0.020235042735042733
0.020301659125188533
0.020237556561085973
0.020163398692810464
0.020300402212166915
0.01991955756661639
0.019852941176470584
0.02009049773755657
0.019769984917043737
0.020084213172448472
0.01987807943690297
0.01941804927099045
0.019566365007541477
0.01996606334841629
0.020035193564605324
0.019482151835093012
0.019715937657114137
0.01963172448466565
0.019552538964303673
0.019859225741578685
0.01988562091503268
0.0201659125188537
0.0199132730015083
0.019714680744092515
0.020359477124183005
