vec
0.019812719959778787
0.019712166918049272
0.01941804927099044
0.019245852187028654
0.019343891402714933
0.01923076923076923
0.01933634992458522
0.01929989944695827
0.019387883358471594
0.019123931623931622
0.01927978883861237
0.019367772750125693
0.01929110105580694
0.019144042232277534
0.019463298139768725
0.01951985922574158
0.019507290095525397
0.019132730015082956
0.019260935143288076
0.019128959276018098
0.019384112619406733
0.019189291101055807
0.019314982403217697
0.01927099044746104
0.01927853192559076
0.0190560583207642
0.019723479135243843
0.01939416792357969
0.019338863750628457
0.019194318753142283
0.019382855706385118
0.019439416792357972
0.019473353443941684
0.01920940170940171
0.019253393665158373
0.01946706887883359
0.018940422322775267
0.01933760683760684
0.019395424836601307
0.01928984414278532
0.019038461538461532
0.019558823529411767
0.018970588235294114
0.01945952740070387
0.019377828054298638
0.019298642533936653
0.019186777275012574
0.019009552538964303
0.019166666666666672
0.0195148315736551
0.019228255404725985
