vec
0.0
0.0006334841628959276
0.0006184012066365007
0.0005920060331825038
0.0006070889894419306
0.0005542986425339367
0.0005429864253393666
0.0005392156862745098
0.00048265460030165913
0.000471342383107089
0.0003431372549019608
0.00036953242835595775
0.0003808446455505279
0.00036953242835595775
0.0002865761689291101
0.00022624434389140272
0.0002828054298642534
0.0002790346907993967
0.0002828054298642534
0.00033936651583710406
0.0002790346907993967
0.00030542986425339364
0.0002828054298642534
0.0003431372549019608
0.0003582202111613876
0.0003205128205128205
0.00024132730015082957
0.00038838612368024135
0.0003355957767722474
0.0003355957767722474
0.00035444947209653093
0.0003582202111613876
0.00033936651583710406
0.0003582202111613876
0.0003092006033182504
0.00033936651583710406
0.00039592760180995475
0.0003280542986425339
0.0003431372549019608
0.0003846153846153846
0.00040346907993966816
0.000444947209653092
0.0003770739064856712
0.0003582202111613876
0.000471342383107089
0.00033936651583710406
0.0004147812971342383
0.0003431372549019608
0.0003582202111613876
0.00036199095022624434
0.00041855203619909503
0.0003280542986425339
0.0002564102564102564
0.0
0.0006334841628959276
0.00056184012066365
0.0006033182503770739
0.0006598793363499246
0.0006033182503770739
0.0005165912518853695
0.0004751131221719457
0.0004751131221719457
0.0004223227752639517
0.0003770739064856712
0.00030542986425339364
0.0002903469079939668
0.0002941176470588235
0.0003280542986425339
0.00024509803921568627
0.0002526395173453997
0.0002639517345399698
0.0002828054298642534
0.0003129713423831071
0.0003469079939668175
0.00027526395173453996
0.00036576168929110107
0.0003770739064856712
0.0003469079939668175
0.00033936651583710406
0.00036953242835595775
0.0003092006033182504
0.00035444947209653093
0.00029788838612368023
0.0002941176470588235
0.0003355957767722474
0.0003129713423831071
0.00036576168929110107
0.0003770739064856712
0.0003733031674208145
0.0003582202111613876
0.0003996983408748115
0.00040346907993966816
0.00039592760180995475
0.00036953242835595775
0.0003092006033182504
0.0003431372549019608
0.0003469079939668175
0.0004110105580693816
0.00033182503770739065
0.00040346907993966816
0.00036576168929110107
0.0003996983408748115
0.0004374057315233786
0.00036199095022624434
0.0002865761689291101
0.0003355957767722474
0.0
0.0005731523378582202
0.0006108597285067873
0.0005995475113122171
0.0006297134238310709
0.000524132730015083
0.0005279034690799396
0.0004487179487179487
0.000444947209653092
0.0003808446455505279
0.00032428355957767724
0.0003205128205128205
0.0003280542986425339
0.00032428355957767724
0.0002828054298642534
0.0002790346907993967
0.0002865761689291101
0.00032428355957767724
0.0002903469079939668
0.00030542986425339364
0.0003355957767722474
0.0003205128205128205
0.0003506787330316742
0.00029788838612368023
0.00030542986425339364
0.0003355957767722474
0.0003808446455505279
0.00030165912518853697
0.00036199095022624434
0.0003582202111613876
0.000392156862745098
0.00033182503770739065
0.0003506787330316742
0.0003996983408748115
0.00026772247360482655
0.0003431372549019608
0.00038838612368024135
0.0003469079939668175
0.0003280542986425339
0.00035444947209653093
0.000392156862745098
0.00038838612368024135
0.0003733031674208145
0.00041855203619909503
0.0004072398190045249
0.00040346907993966816
0.0004487179487179487
0.00038838612368024135
0.00033936651583710406
0.0003355957767722474
0.0002639517345399698
0.00033936651583710406
0.00032428355957767724
0.0
0.0005656108597285068
0.0006184012066365007
0.0006184012066365007
0.0004788838612368024
0.0005957767722473605
0.000471342383107089
0.0003996983408748115
0.0003996983408748115
0.00035444947209653093
0.0002564102564102564
0.0002941176470588235
0.00027526395173453996
0.0003770739064856712
0.0003431372549019608
0.00024132730015082957
0.0003167420814479638
0.0003205128205128205
0.0003469079939668175
0.0003092006033182504
0.0003129713423831071
0.0003506787330316742
0.00033936651583710406
0.000392156862745098
0.00033936651583710406
0.0003770739064856712
0.0003582202111613876
0.00033182503770739065
0.0002903469079939668
0.0003808446455505279
0.0002941176470588235
0.0003506787330316742
0.0003355957767722474
0.0003996983408748115
0.0003996983408748115
0.0003733031674208145
0.000471342383107089
0.00042986425339366517
0.00039592760180995475
0.00036199095022624434
0.0004223227752639517
0.0004223227752639517
0.0004223227752639517
0.00033182503770739065
0.00036199095022624434
0.0003733031674208145
0.00033182503770739065
0.0003431372549019608
0.0003167420814479638
0.0002564102564102564
0.00027526395173453996
0.0002714932126696833
0.00024132730015082957
0.0
0.0005165912518853695
0.0005656108597285068
0.0006862745098039216
0.00043363499245852185
0.00048265460030165913
0.0005354449472096531
0.0003582202111613876
0.0004487179487179487
0.0003431372549019608
0.00027526395173453996
0.0003167420814479638
0.0003355957767722474
0.0002903469079939668
0.0003092006033182504
0.0002941176470588235
0.0003167420814479638
0.00036953242835595775
0.0003129713423831071
0.0003129713423831071
0.0002941176470588235
0.0003770739064856712
0.0003205128205128205
0.0003092006033182504
0.00029788838612368023
0.00036576168929110107
0.00036953242835595775
0.0004223227752639517
0.00032428355957767724
0.0003092006033182504
0.0003092006033182504
0.00036199095022624434
0.0003770739064856712
0.00036576168929110107
0.000444947209653092
0.000392156862745098
0.0003770739064856712
0.00038838612368024135
0.00046757164404223226
0.00043363499245852185
0.00038838612368024135
0.0004223227752639517
0.00039592760180995475
0.0004638009049773756
0.00039592760180995475
0.0003506787330316742
0.0003355957767722474
0.0003996983408748115
0.0002903469079939668
0.00029788838612368023
0.0002639517345399698
0.0002790346907993967
0.0002526395173453997
0.0
0.0006070889894419306
0.0006108597285067873
0.0006372549019607843
0.0005203619909502263
0.000497737556561086
0.00046003016591251886
0.000444947209653092
0.00030542986425339364
0.0003431372549019608
0.00026018099547511314
0.0003167420814479638
0.0003280542986425339
0.00020361990950226245
0.0003205128205128205
0.00038838612368024135
0.00032428355957767724
0.0003205128205128205
0.00033936651583710406
0.00032428355957767724
0.0003506787330316742
0.0002903469079939668
0.00030542986425339364
0.00030165912518853697
0.00030542986425339364
0.0003733031674208145
0.0004374057315233786
0.0004072398190045249
0.00046003016591251886
0.0003431372549019608
0.000392156862745098
0.00038838612368024135
0.0003431372549019608
0.00036953242835595775
0.0004487179487179487
0.0003808446455505279
0.0004411764705882353
0.00036199095022624434
0.0003582202111613876
0.00041855203619909503
0.0003808446455505279
0.00035444947209653093
0.0004374057315233786
0.0004110105580693816
0.00040346907993966816
0.0003996983408748115
0.0004147812971342383
0.0003996983408748115
0.00030165912518853697
0.0003092006033182504
0.00029788838612368023
0.0003431372549019608
0.00027526395173453996
0.0
0.0005354449472096531
0.0006372549019607843
0.000588235294117647
0.0005279034690799396
0.0004487179487179487
0.00038838612368024135
0.0003996983408748115
0.0003733031674208145
0.00036576168929110107
0.00039592760180995475
0.0003582202111613876
0.0003582202111613876
0.0003092006033182504
0.0002903469079939668
0.00036576168929110107
0.00039592760180995475
0.00033936651583710406
0.00030542986425339364
0.00040346907993966816
0.0002865761689291101
0.00036199095022624434
0.00032428355957767724
0.0004110105580693816
0.00036953242835595775
0.000392156862745098
0.00035444947209653093
0.0003129713423831071
0.0003582202111613876
0.0003846153846153846
0.0003469079939668175
0.0003996983408748115
0.00036953242835595775
0.0004374057315233786
0.0003582202111613876
0.0004110105580693816
0.0003506787330316742
0.00033936651583710406
0.0004638009049773756
0.0004487179487179487
0.00040346907993966816
0.00042609351432880844
0.00038838612368024135
0.0003846153846153846
0.0004411764705882353
0.000392156862745098
0.0002639517345399698
0.00026772247360482655
0.00029788838612368023
0.0003092006033182504
0.00021493212669683259
0.0002564102564102564
0.0002828054298642534
0.0
0.0005354449472096531
0.0005392156862745098
0.0006297134238310709
0.0005656108597285068
0.0004788838612368024
0.00043363499245852185
0.0004147812971342383
0.0003280542986425339
0.0003469079939668175
0.00030165912518853697
0.0004223227752639517
0.00030542986425339364
0.0003129713423831071
0.0003205128205128205
0.0003469079939668175
0.0003506787330316742
0.0003431372549019608
0.00029788838612368023
0.0002903469079939668
0.00035444947209653093
0.00038838612368024135
0.0003770739064856712
0.0004072398190045249
0.0003996983408748115
0.0003355957767722474
0.00036199095022624434
0.00039592760180995475
0.00036199095022624434
0.0003582202111613876
0.0003582202111613876
0.00036953242835595775
0.0003469079939668175
0.0004072398190045249
0.0004638009049773756
0.00036576168929110107
0.0003167420814479638
0.0003770739064856712
0.00039592760180995475
0.00035444947209653093
0.00036199095022624434
0.0003733031674208145
0.0004223227752639517
0.00036576168929110107
0.0004110105580693816
0.00033182503770739065
0.0003092006033182504
0.0003770739064856712
0.0002865761689291101
0.0003167420814479638
0.0002790346907993967
0.00030542986425339364
0.0002714932126696833
0.0
0.00056184012066365
0.0004110105580693816
0.0006108597285067873
0.0005052790346907994
0.00043363499245852185
0.0004223227752639517
0.0003506787330316742
0.00036199095022624434
0.0002903469079939668
0.00036576168929110107
0.00030542986425339364
0.0003770739064856712
0.00036199095022624434
0.00035444947209653093
0.00036953242835595775
0.0002941176470588235
0.0003129713423831071
0.00030542986425339364
0.0002639517345399698
0.0003770739064856712
0.0003846153846153846
0.0004110105580693816
0.0003846153846153846
0.0003506787330316742
0.0003431372549019608
0.00036576168929110107
0.00036199095022624434
0.0003431372549019608
0.0003846153846153846
0.0004223227752639517
0.0003205128205128205
0.00039592760180995475
0.0004110105580693816
0.0004374057315233786
0.000392156862745098
0.00039592760180995475
0.0003205128205128205
0.0004223227752639517
0.0004110105580693816
0.0003733031674208145
0.0003582202111613876
0.0003808446455505279
0.00039592760180995475
0.0003355957767722474
0.0003167420814479638
0.00038838612368024135
0.0003205128205128205
0.0003469079939668175
0.00027526395173453996
0.00026772247360482655
0.00036953242835595775
0.00024509803921568627
0.0
0.0005806938159879337
0.0005731523378582202
0.0005165912518853695
0.000524132730015083
0.0005090497737556561
0.00048265460030165913
0.00038838612368024135
0.00033182503770739065
0.0003808446455505279
0.0003355957767722474
0.0002790346907993967
0.00026018099547511314
0.0003431372549019608
0.00033182503770739065
0.0003280542986425339
0.00036953242835595775
0.00033182503770739065
0.00030165912518853697
0.00036576168929110107
0.0003506787330316742
0.000444947209653092
0.00040346907993966816
0.00033936651583710406
0.0004374057315233786
0.0003280542986425339
0.00036576168929110107
0.0003770739064856712
0.0003846153846153846
0.00035444947209653093
0.0003092006033182504
0.0004110105580693816
0.00039592760180995475
0.0003996983408748115
0.0003506787330316742
0.00039592760180995475
0.0003846153846153846
0.00040346907993966816
0.000497737556561086
0.0003996983408748115
0.00036953242835595775
0.0003355957767722474
0.0003129713423831071
0.0003846153846153846
0.0003733031674208145
0.000392156862745098
0.000392156862745098
0.00030542986425339364
0.0002526395173453997
0.00032428355957767724
0.0003280542986425339
0.0002903469079939668
0.00020361990950226245
0.0
0.00056184012066365
0.0005128205128205128
0.0005542986425339367
0.00046003016591251886
0.0005429864253393666
0.00039592760180995475
0.0004374057315233786
0.0003506787330316742
0.00036199095022624434
0.0003506787330316742
0.0003167420814479638
0.0002865761689291101
0.0003355957767722474
0.00033182503770739065
0.0003355957767722474
0.0003506787330316742
0.0003996983408748115
0.00036953242835595775
0.00036199095022624434
0.0003205128205128205
0.0003355957767722474
0.0003355957767722474
0.0004147812971342383
0.00039592760180995475
0.00038838612368024135
0.00033936651583710406
0.0003506787330316742
0.000392156862745098
0.0003996983408748115
0.00043363499245852185
0.000392156862745098
0.00036199095022624434
0.0003770739064856712
0.0003582202111613876
0.00039592760180995475
0.0003582202111613876
0.0003808446455505279
0.0003280542986425339
0.00036199095022624434
0.0003846153846153846
0.0003733031674208145
0.0003808446455505279
0.00043363499245852185
0.0003431372549019608
0.00024509803921568627
0.00033182503770739065
0.0003469079939668175
0.0003205128205128205
0.0003129713423831071
0.00023378582202111613
0.0002941176470588235
0.0002187028657616893
0.0
0.0005203619909502263
0.0006372549019607843
0.0005392156862745098
0.0005015082956259427
0.00048265460030165913
0.0004147812971342383
0.00039592760180995475
0.0003129713423831071
0.0003770739064856712
0.00032428355957767724
0.0003582202111613876
0.0003808446455505279
0.0002903469079939668
0.00033182503770739065
0.0002714932126696833
0.0002639517345399698
0.0003846153846153846
0.0003355957767722474
0.0003506787330316742
0.0003733031674208145
0.0003167420814479638
0.0003092006033182504
0.00033182503770739065
0.0003996983408748115
0.00040346907993966816
0.0004374057315233786
0.00043363499245852185
0.00036576168929110107
0.00046757164404223226
0.0004072398190045249
0.0004411764705882353
0.00032428355957767724
0.0004110105580693816
0.00042609351432880844
0.00043363499245852185
0.0004223227752639517
0.0003996983408748115
0.00036953242835595775
0.0003733031674208145
0.0003733031674208145
0.000471342383107089
0.00042986425339366517
0.0003996983408748115
0.00036953242835595775
0.0004110105580693816
0.0003205128205128205
0.00029788838612368023
0.00024132730015082957
0.0003280542986425339
0.00026018099547511314
0.00030165912518853697
0.00030165912518853697
0.0
0.0004901960784313725
0.0006221719457013574
0.0006033182503770739
0.000524132730015083
0.0003506787330316742
0.00040346907993966816
0.00036576168929110107
0.0003469079939668175
0.0003846153846153846
0.0003355957767722474
0.0003092006033182504
0.0003770739064856712
0.0002828054298642534
0.00042609351432880844
0.0002903469079939668
0.0003733031674208145
0.00030542986425339364
0.0003582202111613876
0.0002941176470588235
0.0003469079939668175
0.0003770739064856712
0.00033182503770739065
0.0003431372549019608
0.0003167420814479638
0.0003469079939668175
0.0003770739064856712
0.0003280542986425339
0.0003092006033182504
0.0003996983408748115
0.0003808446455505279
0.00036953242835595775
0.00040346907993966816
0.0003431372549019608
0.0003808446455505279
0.0004638009049773756
0.00043363499245852185
0.0003582202111613876
0.00033182503770739065
0.00039592760180995475
0.0004638009049773756
0.00040346907993966816
0.00038838612368024135
0.0003582202111613876
0.0004411764705882353
0.00041855203619909503
0.000392156862745098
0.00026772247360482655
0.000248868778280543
0.0002828054298642534
0.00023378582202111613
0.0003092006033182504
0.00023001508295625943
0.0
0.0005165912518853695
0.0005806938159879337
0.0006033182503770739
0.0005165912518853695
0.000524132730015083
0.0003733031674208145
0.0004562594268476621
0.0003770739064856712
0.00036953242835595775
0.0003506787330316742
0.0003733031674208145
0.00026772247360482655
0.0003469079939668175
0.0003205128205128205
0.0003582202111613876
0.0003506787330316742
0.000392156862745098
0.00036953242835595775
0.00045248868778280545
0.0003280542986425339
0.0003846153846153846
0.0003280542986425339
0.00035444947209653093
0.00036199095022624434
0.00036953242835595775
0.0003280542986425339
0.0003355957767722474
0.00043363499245852185
0.00036576168929110107
0.000392156862745098
0.0003469079939668175
0.00039592760180995475
0.00038838612368024135
0.00033936651583710406
0.0003808446455505279
0.00040346907993966816
0.000392156862745098
0.00040346907993966816
0.000588235294117647
0.0004751131221719457
0.0005354449472096531
0.0005467571644042232
0.0003431372549019608
0.0002903469079939668
0.000392156862745098
0.00035444947209653093
0.00030165912518853697
0.0002903469079939668
0.00029788838612368023
0.000248868778280543
0.0002526395173453997
0.00027526395173453996
0.0
0.0005052790346907994
0.000497737556561086
0.00056184012066365
0.0005354449472096531
0.00039592760180995475
0.00042986425339366517
0.0003808446455505279
0.0003205128205128205
0.0002790346907993967
0.0003846153846153846
0.0003129713423831071
0.0003092006033182504
0.00029788838612368023
0.0003280542986425339
0.00027526395173453996
0.00030165912518853697
0.00040346907993966816
0.0003770739064856712
0.0003129713423831071
0.00035444947209653093
0.0003355957767722474
0.00032428355957767724
0.00036576168929110107
0.0003846153846153846
0.0003129713423831071
0.00032428355957767724
0.0003808446455505279
0.0003280542986425339
0.00036953242835595775
0.0003733031674208145
0.00039592760180995475
0.00036953242835595775
0.000444947209653092
0.0003846153846153846
0.0004374057315233786
0.00035444947209653093
0.0003129713423831071
0.0005090497737556561
0.0005316742081447964
0.00046003016591251886
0.0004072398190045249
0.00042986425339366517
0.00042986425339366517
0.00033182503770739065
0.0003996983408748115
0.00035444947209653093
0.00040346907993966816
0.0003092006033182504
0.00024132730015082957
0.0002714932126696833
0.0003431372549019608
0.0002865761689291101
0.0
0.0005165912518853695
0.00048265460030165913
0.0005806938159879337
0.0004939668174962292
0.00045248868778280545
0.0003582202111613876
0.00026772247360482655
0.0004147812971342383
0.0003582202111613876
0.0003280542986425339
0.0003092006033182504
0.00036199095022624434
0.00033182503770739065
0.0003355957767722474
0.0002526395173453997
0.0003846153846153846
0.00033936651583710406
0.0002941176470588235
0.0003355957767722474
0.0003355957767722474
0.0003431372549019608
0.0003469079939668175
0.0004147812971342383
0.0004638009049773756
0.00036199095022624434
0.0003770739064856712
0.0003996983408748115
0.00036199095022624434
0.00039592760180995475
0.00033182503770739065
0.00040346907993966816
0.00046757164404223226
0.00036576168929110107
0.00040346907993966816
0.00038838612368024135
0.0003996983408748115
0.0005467571644042232
0.0005090497737556561
0.00046757164404223226
0.0006221719457013574
0.00039592760180995475
0.00042986425339366517
0.000471342383107089
0.00043363499245852185
0.00032428355957767724
0.00039592760180995475
0.00036576168929110107
0.00026772247360482655
0.0002903469079939668
0.00026772247360482655
0.00023001508295625943
0.0002941176470588235
0.0
0.00056184012066365
0.000497737556561086
0.0005467571644042232
0.0005806938159879337
0.0005052790346907994
0.0004110105580693816
0.0004072398190045249
0.000392156862745098
0.0003280542986425339
0.0003355957767722474
0.00020739064856711915
0.00036953242835595775
0.0002941176470588235
0.0003280542986425339
0.0003129713423831071
0.00032428355957767724
0.0003431372549019608
0.00030542986425339364
0.0003129713423831071
0.0003280542986425339
0.0003205128205128205
0.0003582202111613876
0.00033936651583710406
0.00035444947209653093
0.00036576168929110107
0.0003506787330316742
0.00039592760180995475
0.0003770739064856712
0.0003129713423831071
0.0004638009049773756
0.00036199095022624434
0.00041855203619909503
0.0003355957767722474
0.0003355957767722474
0.0003733031674208145
0.0005806938159879337
0.0005090497737556561
0.0005316742081447964
0.0005995475113122171
0.0004638009049773756
0.0003733031674208145
0.00036199095022624434
0.0003129713423831071
0.00033936651583710406
0.00035444947209653093
0.0003092006033182504
0.0003129713423831071
0.00035444947209653093
0.0003129713423831071
0.00033182503770739065
0.0002941176470588235
0.00032428355957767724
0.0
0.0005052790346907994
0.0006221719457013574
0.0005806938159879337
0.0005467571644042232
0.00045248868778280545
0.00038838612368024135
0.0003582202111613876
0.0003129713423831071
0.00032428355957767724
0.0003167420814479638
0.00030542986425339364
0.0002903469079939668
0.0003808446455505279
0.0003280542986425339
0.0002714932126696833
0.00033936651583710406
0.0003092006033182504
0.0002941176470588235
0.00027526395173453996
0.00029788838612368023
0.00038838612368024135
0.00033936651583710406
0.0003431372549019608
0.0003506787330316742
0.000392156862745098
0.0003167420814479638
0.00042609351432880844
0.0003431372549019608
0.0003582202111613876
0.000392156862745098
0.0003129713423831071
0.0003733031674208145
0.0003808446455505279
0.0003205128205128205
0.000524132730015083
0.0005542986425339367
0.00048265460030165913
0.0003996983408748115
0.0004751131221719457
0.0004562594268476621
0.0004223227752639517
0.00039592760180995475
0.00035444947209653093
0.00032428355957767724
0.0003582202111613876
0.0003846153846153846
0.0003582202111613876
0.0003129713423831071
0.00027526395173453996
0.0002828054298642534
0.0002903469079939668
0.00030165912518853697
0.0
0.0005429864253393666
0.00056184012066365
0.0005052790346907994
0.0005015082956259427
0.0004411764705882353
0.0003996983408748115
0.0004072398190045249
0.0003355957767722474
0.0002639517345399698
0.0003205128205128205
0.0002865761689291101
0.0003167420814479638
0.00030542986425339364
0.0003506787330316742
0.00032428355957767724
0.0002941176470588235
0.00033936651583710406
0.00033936651583710406
0.0003280542986425339
0.0003092006033182504
0.0003431372549019608
0.0003733031674208145
0.00033182503770739065
0.0003469079939668175
0.00036199095022624434
0.0003431372549019608
0.0002903469079939668
0.00043363499245852185
0.000392156862745098
0.00036953242835595775
0.0003846153846153846
0.0003506787330316742
0.0004223227752639517
0.00046003016591251886
0.00042609351432880844
0.000444947209653092
0.0004487179487179487
0.0004487179487179487
0.0004487179487179487
0.00046757164404223226
0.00036953242835595775
0.00041855203619909503
0.00036576168929110107
0.0003506787330316742
0.0003582202111613876
0.0003280542986425339
0.0003733031674208145
0.0002714932126696833
0.00033936651583710406
0.00027526395173453996
0.0003129713423831071
0.00033182503770739065
0.0
0.0005279034690799396
0.0005693815987933635
0.0005128205128205128
0.000471342383107089
0.00046003016591251886
0.00041855203619909503
0.0003582202111613876
0.00042609351432880844
0.0003733031674208145
0.0003167420814479638
0.0003506787330316742
0.0002714932126696833
0.00029788838612368023
0.00027526395173453996
0.0003506787330316742
0.0003355957767722474
0.00032428355957767724
0.0003092006033182504
0.00033936651583710406
0.00036199095022624434
0.00033182503770739065
0.0004072398190045249
0.0004110105580693816
0.000392156862745098
0.00036953242835595775
0.0003770739064856712
0.0002865761689291101
0.00039592760180995475
0.00033936651583710406
0.00035444947209653093
0.0003280542986425339
0.00030165912518853697
0.0004901960784313725
0.0004939668174962292
0.0004487179487179487
0.00046003016591251886
0.00043363499245852185
0.0004487179487179487
0.0003582202111613876
0.0004223227752639517
0.00036953242835595775
0.0004110105580693816
0.00036953242835595775
0.00033936651583710406
0.0003733031674208145
0.00036576168929110107
0.00027526395173453996
0.00033182503770739065
0.0002714932126696833
0.00026772247360482655
0.0003280542986425339
0.0002790346907993967
0.0
0.0005467571644042232
0.0005128205128205128
0.000576923076923077
0.0005015082956259427
0.00036953242835595775
0.0004411764705882353
0.0003355957767722474
0.0003770739064856712
0.00039592760180995475
0.00026772247360482655
0.0003129713423831071
0.00035444947209653093
0.00030542986425339364
0.00029788838612368023
0.0004110105580693816
0.0003167420814479638
0.000392156862745098
0.00027526395173453996
0.00033182503770739065
0.00033182503770739065
0.00030165912518853697
0.00040346907993966816
0.00043363499245852185
0.0003846153846153846
0.00033936651583710406
0.0003996983408748115
0.00042986425339366517
0.0003092006033182504
0.0004223227752639517
0.00030165912518853697
0.0003431372549019608
0.000471342383107089
0.0004562594268476621
0.00041855203619909503
0.0004374057315233786
0.0004562594268476621
0.0004638009049773756
0.0004411764705882353
0.00033936651583710406
0.00038838612368024135
0.0004223227752639517
0.0003996983408748115
0.000444947209653092
0.0003431372549019608
0.0003846153846153846
0.0003167420814479638
0.000392156862745098
0.00035444947209653093
0.0002941176470588235
0.0003092006033182504
0.00027526395173453996
0.0003092006033182504
0.0
0.0005090497737556561
0.0005392156862745098
0.0005542986425339367
0.000471342383107089
0.0003808446455505279
0.00043363499245852185
0.00036576168929110107
0.0003996983408748115
0.0003469079939668175
0.00036199095022624434
0.0003469079939668175
0.0003431372549019608
0.0003205128205128205
0.00036576168929110107
0.0003129713423831071
0.0003355957767722474
0.00030165912518853697
0.0002903469079939668
0.0003582202111613876
0.0003469079939668175
0.0003506787330316742
0.00036576168929110107
0.00038838612368024135
0.0003355957767722474
0.0004072398190045249
0.0004147812971342383
0.0003355957767722474
0.00032428355957767724
0.00036953242835595775
0.0003280542986425339
0.00040346907993966816
0.000392156862745098
0.00042609351432880844
0.0005052790346907994
0.00042609351432880844
0.00035444947209653093
0.000392156862745098
0.0003996983408748115
0.0004147812971342383
0.000392156862745098
0.0003996983408748115
0.0003846153846153846
0.0003733031674208145
0.0003996983408748115
0.0003846153846153846
0.0004072398190045249
0.0003205128205128205
0.0002903469079939668
0.00036953242835595775
0.0002526395173453997
0.00032428355957767724
0.0002790346907993967
0.0
0.0005467571644042232
0.0005844645550527903
0.0005165912518853695
0.00041855203619909503
0.0004638009049773756
0.0004147812971342383
0.0004072398190045249
0.0003582202111613876
0.0003355957767722474
0.0002941176470588235
0.0003770739064856712
0.00033936651583710406
0.00033182503770739065
0.0003355957767722474
0.00036953242835595775
0.00036953242835595775
0.0003506787330316742
0.00035444947209653093
0.0003280542986425339
0.0003129713423831071
0.0003733031674208145
0.000444947209653092
0.0003582202111613876
0.00033936651583710406
0.00030542986425339364
0.00035444947209653093
0.00036199095022624434
0.0002903469079939668
0.0003582202111613876
0.0004487179487179487
0.0004147812971342383
0.0004223227752639517
0.0004147812971342383
0.0003846153846153846
0.00042609351432880844
0.00042609351432880844
0.0004374057315233786
0.0004223227752639517
0.0003996983408748115
0.00046757164404223226
0.0004374057315233786
0.00035444947209653093
0.0003846153846153846
0.0004072398190045249
0.0004147812971342383
0.00038838612368024135
0.00036199095022624434
0.0003733031674208145
0.00036576168929110107
0.00029788838612368023
0.0002828054298642534
0.0002714932126696833
0.0
0.00046003016591251886
0.000497737556561086
0.0005015082956259427
0.00046003016591251886
0.00041855203619909503
0.0003846153846153846
0.00035444947209653093
0.00033936651583710406
0.0003205128205128205
0.0003355957767722474
0.0003129713423831071
0.0003846153846153846
0.0003469079939668175
0.0003355957767722474
0.0003355957767722474
0.0003431372549019608
0.00026772247360482655
0.0003280542986425339
0.00042986425339366517
0.00036576168929110107
0.0003092006033182504
0.0003582202111613876
0.0004110105580693816
0.0003129713423831071
0.00039592760180995475
0.0003846153846153846
0.0003846153846153846
0.0004110105580693816
0.00042986425339366517
0.00040346907993966816
0.00036953242835595775
0.00033182503770739065
0.0004147812971342383
0.000392156862745098
0.0004072398190045249
0.00046003016591251886
0.00036576168929110107
0.0003582202111613876
0.0004374057315233786
0.0004788838612368024
0.00045248868778280545
0.0003469079939668175
0.00038838612368024135
0.0003808446455505279
0.00036953242835595775
0.00035444947209653093
0.0003355957767722474
0.00033936651583710406
0.0003205128205128205
0.00026772247360482655
0.00029788838612368023
0.0003582202111613876
0.0
0.0004939668174962292
0.0005580693815987934
0.0004901960784313725
0.00045248868778280545
0.0003846153846153846
0.0004110105580693816
0.00042986425339366517
0.00036199095022624434
0.00030165912518853697
0.0002828054298642534
0.00041855203619909503
0.0002865761689291101
0.00026772247360482655
0.00024509803921568627
0.00033936651583710406
0.0003582202111613876
0.00026772247360482655
0.0003205128205128205
0.0003355957767722474
0.0002941176470588235
0.00036953242835595775
0.0003506787330316742
0.00030165912518853697
0.0004072398190045249
0.0003469079939668175
0.0003582202111613876
0.0003355957767722474
0.0004487179487179487
0.00040346907993966816
0.0004223227752639517
0.0003582202111613876
0.00033936651583710406
0.00035444947209653093
0.00038838612368024135
0.0003355957767722474
0.0004110105580693816
0.0004487179487179487
0.00046757164404223226
0.0003770739064856712
0.0004751131221719457
0.00046003016591251886
0.0003996983408748115
0.0004110105580693816
0.0003846153846153846
0.00036199095022624434
0.0003355957767722474
0.0003205128205128205
0.0003431372549019608
0.0003129713423831071
0.0003280542986425339
0.00030165912518853697
0.0003092006033182504
0.0
0.0005392156862745098
0.0005505279034690799
0.0005203619909502263
0.00048265460030165913
0.00042609351432880844
0.0003770739064856712
0.0003808446455505279
0.0003092006033182504
0.0003770739064856712
0.0003092006033182504
0.00035444947209653093
0.0003092006033182504
0.00030542986425339364
0.0002903469079939668
0.00036199095022624434
0.00033936651583710406
0.0003506787330316742
0.00038838612368024135
0.00036199095022624434
0.0004147812971342383
0.00036576168929110107
0.0004072398190045249
0.0003205128205128205
0.00033182503770739065
0.000392156862745098
0.00030542986425339364
0.00036199095022624434
0.0003355957767722474
0.00026018099547511314
0.0003733031674208145
0.0003996983408748115
0.0003506787330316742
0.00042609351432880844
0.00033182503770739065
0.0004110105580693816
0.0003770739064856712
0.00040346907993966816
0.000444947209653092
0.00046757164404223226
0.0003733031674208145
0.00042609351432880844
0.0003733031674208145
0.00041855203619909503
0.00042609351432880844
0.0004374057315233786
0.0003808446455505279
0.00033936651583710406
0.00036953242835595775
0.0003506787330316742
0.00030542986425339364
0.0003280542986425339
0.0002865761689291101
0.0
0.000588235294117647
0.0005731523378582202
0.0005693815987933635
0.000471342383107089
0.0004374057315233786
0.00045248868778280545
0.0003506787330316742
0.00030542986425339364
0.0003846153846153846
0.00039592760180995475
0.0003092006033182504
0.0003469079939668175
0.00032428355957767724
0.00036953242835595775
0.0003280542986425339
0.00040346907993966816
0.00042986425339366517
0.0003092006033182504
0.00033182503770739065
0.0003280542986425339
0.0002903469079939668
0.0003469079939668175
0.00036953242835595775
0.00039592760180995475
0.0002941176470588235
0.00032428355957767724
0.0004223227752639517
0.0003469079939668175
0.0003733031674208145
0.00038838612368024135
0.0004411764705882353
0.00036199095022624434
0.0003808446455505279
0.00036576168929110107
0.0004147812971342383
0.00038838612368024135
0.00046003016591251886
0.0004562594268476621
0.00042986425339366517
0.0004147812971342383
0.00036199095022624434
0.000392156862745098
0.0004110105580693816
0.00043363499245852185
0.0003996983408748115
0.0003996983408748115
0.0003129713423831071
0.00029788838612368023
0.00038838612368024135
0.00024509803921568627
0.0003205128205128205
0.0003092006033182504
0.0
0.0005015082956259427
0.0004901960784313725
0.0005467571644042232
0.0004562594268476621
0.0004939668174962292
0.0004411764705882353
0.00043363499245852185
0.0003280542986425339
0.00033182503770739065
0.0002941176470588235
0.0003770739064856712
0.0002941176470588235
0.0002865761689291101
0.00024509803921568627
0.0003431372549019608
0.00036576168929110107
0.000392156862745098
0.00041855203619909503
0.0003770739064856712
0.0004072398190045249
0.00035444947209653093
0.00033936651583710406
0.0003280542986425339
0.00033936651583710406
0.0002941176470588235
0.0004072398190045249
0.0003582202111613876
0.000392156862745098
0.0004072398190045249
0.00038838612368024135
0.0003092006033182504
0.0003205128205128205
0.00035444947209653093
0.0004487179487179487
0.0003996983408748115
0.000444947209653092
0.0004147812971342383
0.0004487179487179487
0.0004788838612368024
0.00040346907993966816
0.00042609351432880844
0.0004223227752639517
0.0004374057315233786
0.0004562594268476621
0.00046003016591251886
0.00040346907993966816
0.0003506787330316742
0.0004072398190045249
0.00030165912518853697
0.0002828054298642534
0.00029788838612368023
0.0002526395173453997
0.0
0.0005731523378582202
0.0004487179487179487
0.0005392156862745098
0.0003846153846153846
0.0004072398190045249
0.0004638009049773756
0.0003733031674208145
0.00036953242835595775
0.0003582202111613876
0.0003431372549019608
0.00030165912518853697
0.00026018099547511314
0.00036199095022624434
0.00036576168929110107
0.0003846153846153846
0.000248868778280543
0.00021493212669683259
0.00036576168929110107
0.00030542986425339364
0.0003506787330316742
0.0003167420814479638
0.00024132730015082957
0.0002790346907993967
0.00035444947209653093
0.00036953242835595775
0.0003808446455505279
0.0003506787330316742
0.0003582202111613876
0.00042609351432880844
0.00038838612368024135
0.00036576168929110107
0.00041855203619909503
0.0003582202111613876
0.00040346907993966816
0.0005015082956259427
0.0004562594268476621
0.000444947209653092
0.00043363499245852185
0.00042986425339366517
0.0003506787330316742
0.000444947209653092
0.00042986425339366517
0.0003469079939668175
0.0003808446455505279
0.0003846153846153846
0.00038838612368024135
0.0003582202111613876
0.0003129713423831071
0.00033182503770739065
0.0003167420814479638
0.0003469079939668175
0.00023755656108597286
0.0
0.0005316742081447964
0.000471342383107089
0.0005580693815987934
0.0005015082956259427
0.0005052790346907994
0.00046003016591251886
0.00042609351432880844
0.00042609351432880844
0.00032428355957767724
0.00036576168929110107
0.000392156862745098
0.0003582202111613876
0.00032428355957767724
0.00035444947209653093
0.0003582202111613876
0.00026018099547511314
0.0003355957767722474
0.0003092006033182504
0.000392156862745098
0.0002828054298642534
0.000392156862745098
0.00033936651583710406
0.0003469079939668175
0.0003129713423831071
0.00033182503770739065
0.0003205128205128205
0.000392156862745098
0.00036953242835595775
0.0003770739064856712
0.0003280542986425339
0.0003431372549019608
0.00036199095022624434
0.00040346907993966816
0.00036953242835595775
0.0003733031674208145
0.00042609351432880844
0.0004072398190045249
0.00042609351432880844
0.0004072398190045249
0.00042609351432880844
0.00046757164404223226
0.0004901960784313725
0.0003506787330316742
0.00043363499245852185
0.0003808446455505279
0.00036199095022624434
0.0003092006033182504
0.00038838612368024135
0.0003092006033182504
0.0003280542986425339
0.00030165912518853697
0.00026772247360482655
0.0
0.0005316742081447964
0.0004939668174962292
0.0005392156862745098
0.0004751131221719457
0.0005203619909502263
0.0003996983408748115
0.0003582202111613876
0.0003431372549019608
0.0004110105580693816
0.0002903469079939668
0.00030542986425339364
0.00035444947209653093
0.0004223227752639517
0.00039592760180995475
0.0003431372549019608
0.0003431372549019608
0.0003506787330316742
0.0002941176470588235
0.0003092006033182504
0.00033936651583710406
0.0003167420814479638
0.0003846153846153846
0.0003355957767722474
0.00035444947209653093
0.0003770739064856712
0.0003808446455505279
0.0003431372549019608
0.0004223227752639517
0.0003996983408748115
0.0003770739064856712
0.0004411764705882353
0.00035444947209653093
0.00030165912518853697
0.0003808446455505279
0.0004072398190045249
0.00040346907993966816
0.00039592760180995475
0.0004110105580693816
0.00043363499245852185
0.0004223227752639517
0.00043363499245852185
0.000444947209653092
0.00048265460030165913
0.0003469079939668175
0.0004562594268476621
0.000392156862745098
0.0003205128205128205
0.0004223227752639517
0.0003355957767722474
0.0002790346907993967
0.0002564102564102564
0.0003808446455505279
0.0
0.0005505279034690799
0.0005354449472096531
0.0005806938159879337
0.0004788838612368024
0.0004864253393665158
0.00036576168929110107
0.0003733031674208145
0.00038838612368024135
0.0003431372549019608
0.0003129713423831071
0.00026772247360482655
0.00033182503770739065
0.000222473604826546
0.00033182503770739065
0.00036576168929110107
0.0003167420814479638
0.00032428355957767724
0.00033936651583710406
0.0003129713423831071
0.0002790346907993967
0.00030542986425339364
0.0003129713423831071
0.00030165912518853697
0.0003469079939668175
0.0003770739064856712
0.00041855203619909503
0.00036199095022624434
0.0002828054298642534
0.0003355957767722474
0.0003355957767722474
0.00036199095022624434
0.0003846153846153846
0.0003431372549019608
0.0003280542986425339
0.00046003016591251886
0.00036953242835595775
0.0003167420814479638
0.00038838612368024135
0.000444947209653092
0.0004788838612368024
0.00042986425339366517
0.00040346907993966816
0.0004487179487179487
0.00035444947209653093
0.0003846153846153846
0.0003770739064856712
0.00033936651583710406
0.00038838612368024135
0.00033182503770739065
0.0003280542986425339
0.0002790346907993967
0.00036199095022624434
0.0
0.0005429864253393666
0.00042986425339366517
0.0005015082956259427
0.000471342383107089
0.0004411764705882353
0.00046757164404223226
0.0003506787330316742
0.00032428355957767724
0.00043363499245852185
0.00030165912518853697
0.0002526395173453997
0.0003506787330316742
0.00030165912518853697
0.00033936651583710406
0.00029788838612368023
0.00024509803921568627
0.0002903469079939668
0.00033936651583710406
0.0004110105580693816
0.00036576168929110107
0.00036199095022624434
0.00040346907993966816
0.0003808446455505279
0.0004072398190045249
0.00036953242835595775
0.0003129713423831071
0.00030542986425339364
0.00033936651583710406
0.00033182503770739065
0.0003808446455505279
0.00035444947209653093
0.0003431372549019608
0.0003808446455505279
0.00035444947209653093
0.0003846153846153846
0.00046003016591251886
0.0003205128205128205
0.00041855203619909503
0.00038838612368024135
0.0003846153846153846
0.0004638009049773756
0.0004939668174962292
0.00042609351432880844
0.00042986425339366517
0.0004374057315233786
0.0003733031674208145
0.00030165912518853697
0.00027526395173453996
0.00045248868778280545
0.00024509803921568627
0.0003280542986425339
0.0002714932126696833
0.0
0.0005279034690799396
0.0005844645550527903
0.0005354449472096531
0.00046757164404223226
0.00046003016591251886
0.0004072398190045249
0.00036576168929110107
0.000444947209653092
0.0003469079939668175
0.0003469079939668175
0.0002903469079939668
0.0003808446455505279
0.00026772247360482655
0.0002526395173453997
0.0003129713423831071
0.0003280542986425339
0.0003280542986425339
0.0002903469079939668
0.0003355957767722474
0.00033182503770739065
0.00027526395173453996
0.0003582202111613876
0.0003506787330316742
0.00036199095022624434
0.0003808446455505279
0.0003280542986425339
0.0003205128205128205
0.00030165912518853697
0.0004072398190045249
0.00035444947209653093
0.0003280542986425339
0.0003733031674208145
0.0003846153846153846
0.000392156862745098
0.00042609351432880844
0.0003846153846153846
0.00040346907993966816
0.0004110105580693816
0.0004939668174962292
0.0004751131221719457
0.0003733031674208145
0.00042986425339366517
0.00043363499245852185
0.0003469079939668175
0.0004147812971342383
0.0003770739064856712
0.0003582202111613876
0.00030165912518853697
0.0002865761689291101
0.00036953242835595775
0.0003092006033182504
0.0002903469079939668
0.0
0.0005693815987933635
0.0005090497737556561
0.000524132730015083
0.000471342383107089
0.00042986425339366517
0.00032428355957767724
0.0003205128205128205
0.00036576168929110107
0.00036576168929110107
0.0003733031674208145
0.0002828054298642534
0.0003092006033182504
0.0003469079939668175
0.00026018099547511314
0.0002790346907993967
0.0003355957767722474
0.00024509803921568627
0.0003280542986425339
0.00038838612368024135
0.0002865761689291101
0.0003355957767722474
0.0002865761689291101
0.0004072398190045249
0.0002714932126696833
0.0003770739064856712
0.00033936651583710406
0.00039592760180995475
0.0003506787330316742
0.00030542986425339364
0.0003582202111613876
0.00042609351432880844
0.0002941176470588235
0.0003280542986425339
0.0004562594268476621
0.0004788838612368024
0.0004864253393665158
0.00042609351432880844
0.000497737556561086
0.00045248868778280545
0.0004223227752639517
0.00042986425339366517
0.0003469079939668175
0.0004072398190045249
0.00041855203619909503
0.0002828054298642534
0.0003996983408748115
0.00040346907993966816
0.0003355957767722474
0.00036576168929110107
0.000392156862745098
0.0002564102564102564
0.0003129713423831071
0.0
0.0005844645550527903
0.0005203619909502263
0.0005429864253393666
0.0003770739064856712
0.00039592760180995475
0.0004562594268476621
0.0003582202111613876
0.00039592760180995475
0.0002865761689291101
0.0003808446455505279
0.0003129713423831071
0.00033182503770739065
0.00030542986425339364
0.00029788838612368023
0.00036576168929110107
0.00030542986425339364
0.0003129713423831071
0.00030165912518853697
0.00038838612368024135
0.0003129713423831071
0.0003167420814479638
0.00032428355957767724
0.0003770739064856712
0.0003167420814479638
0.0003092006033182504
0.0003167420814479638
0.0003770739064856712
0.0004147812971342383
0.0003770739064856712
0.0003808446455505279
0.0003996983408748115
0.0003846153846153846
0.0003808446455505279
0.0004072398190045249
0.0004864253393665158
0.0003582202111613876
0.00040346907993966816
0.0005128205128205128
0.00043363499245852185
0.0004901960784313725
0.0003733031674208145
0.0004864253393665158
0.0004562594268476621
0.00046003016591251886
0.00038838612368024135
0.00036576168929110107
0.0004110105580693816
0.0003280542986425339
0.0003205128205128205
0.0003469079939668175
0.00030165912518853697
0.00023755656108597286
0.0
0.0005806938159879337
0.0006033182503770739
0.0005165912518853695
0.000471342383107089
0.0004788838612368024
0.0003469079939668175
0.0003582202111613876
0.0003733031674208145
0.0003280542986425339
0.00029788838612368023
0.0003205128205128205
0.00026772247360482655
0.0002941176470588235
0.00026772247360482655
0.0003167420814479638
0.0003129713423831071
0.00033936651583710406
0.00033182503770739065
0.0003355957767722474
0.00036953242835595775
0.0003469079939668175
0.0003431372549019608
0.00041855203619909503
0.0003129713423831071
0.0003205128205128205
0.00030165912518853697
0.00033936651583710406
0.00032428355957767724
0.00032428355957767724
0.00040346907993966816
0.0003506787330316742
0.0003582202111613876
0.0003808446455505279
0.0004562594268476621
0.00040346907993966816
0.0004562594268476621
0.0004487179487179487
0.0003996983408748115
0.0004110105580693816
0.0003996983408748115
0.0004223227752639517
0.00042986425339366517
0.0004374057315233786
0.0003506787330316742
0.00036953242835595775
0.0003167420814479638
0.00046757164404223226
0.00039592760180995475
0.00033936651583710406
0.0003092006033182504
0.0002714932126696833
0.00022624434389140272
0.0
0.0005429864253393666
0.0005316742081447964
0.0005392156862745098
0.0004751131221719457
0.0003846153846153846
0.0004562594268476621
0.00036576168929110107
0.0003996983408748115
0.00038838612368024135
0.0002903469079939668
0.0002828054298642534
0.0003506787330316742
0.00035444947209653093
0.0003506787330316742
0.0003129713423831071
0.0003355957767722474
0.00030165912518853697
0.0004110105580693816
0.00036199095022624434
0.0002790346907993967
0.00029788838612368023
0.0003280542986425339
0.0003996983408748115
0.0003280542986425339
0.0003280542986425339
0.00035444947209653093
0.0003167420814479638
0.0003129713423831071
0.00039592760180995475
0.0003431372549019608
0.0004072398190045249
0.0003996983408748115
0.0002941176470588235
0.00045248868778280545
0.0003808446455505279
0.00040346907993966816
0.0004751131221719457
0.00046003016591251886
0.0004110105580693816
0.00040346907993966816
0.00030165912518853697
0.000471342383107089
0.0003770739064856712
0.0004223227752639517
0.00036576168929110107
0.00040346907993966816
0.0003582202111613876
0.0003092006033182504
0.0003733031674208145
0.0003092006033182504
0.0003129713423831071
0.00020739064856711915
0.0
0.0006221719457013574
0.0005429864253393666
0.0006070889894419306
0.0005165912518853695
0.00042986425339366517
0.00038838612368024135
0.000392156862745098
0.0003770739064856712
0.000392156862745098
0.0003129713423831071
0.00029788838612368023
0.0002941176470588235
0.0003092006033182504
0.0003469079939668175
0.0003506787330316742
0.0003205128205128205
0.00033182503770739065
0.0002903469079939668
0.0002941176470588235
0.0003092006033182504
0.0002903469079939668
0.0003280542986425339
0.0003506787330316742
0.0003582202111613876
0.0002903469079939668
0.0003167420814479638
0.0003469079939668175
0.0003582202111613876
0.0003582202111613876
0.0003808446455505279
0.0003846153846153846
0.0003469079939668175
0.0004223227752639517
0.0003996983408748115
0.0003996983408748115
0.000444947209653092
0.00042986425339366517
0.0004223227752639517
0.0003582202111613876
0.00043363499245852185
0.0004562594268476621
0.0004411764705882353
0.0003846153846153846
0.00039592760180995475
0.0003846153846153846
0.0003770739064856712
0.00035444947209653093
0.0003506787330316742
0.0002903469079939668
0.0003129713423831071
0.00023378582202111613
0.0003092006033182504
0.0
0.0006900452488687783
0.0005731523378582202
0.0005656108597285068
0.000471342383107089
0.00043363499245852185
0.0003733031674208145
0.00038838612368024135
0.00040346907993966816
0.00033936651583710406
0.00030165912518853697
0.0003770739064856712
0.0003469079939668175
0.0003846153846153846
0.0003280542986425339
0.00026772247360482655
0.0003167420814479638
0.0004562594268476621
0.0003770739064856712
0.00030165912518853697
0.00033182503770739065
0.0003129713423831071
0.0003846153846153846
0.00032428355957767724
0.00033936651583710406
0.00033182503770739065
0.0004110105580693816
0.00046003016591251886
0.0003846153846153846
0.0003167420814479638
0.0003431372549019608
0.000392156862745098
0.0003808446455505279
0.0004223227752639517
0.0003355957767722474
0.0003770739064856712
0.00040346907993966816
0.0004147812971342383
0.0004110105580693816
0.000471342383107089
0.0004939668174962292
0.0004751131221719457
0.0004147812971342383
0.00038838612368024135
0.0004147812971342383
0.0003506787330316742
0.0003846153846153846
0.00035444947209653093
0.00036199095022624434
0.0003280542986425339
0.00032428355957767724
0.0002865761689291101
0.0002639517345399698
0.0
0.0005920060331825038
0.0005957767722473605
0.0005505279034690799
0.0004751131221719457
0.0003846153846153846
0.0003733031674208145
0.0003355957767722474
0.00036953242835595775
0.0003733031674208145
0.000392156862745098
0.0003469079939668175
0.00033182503770739065
0.0003582202111613876
0.00029788838612368023
0.0003431372549019608
0.0003167420814479638
0.0003355957767722474
0.00030542986425339364
0.00033936651583710406
0.00033936651583710406
0.0003129713423831071
0.0002526395173453997
0.0003582202111613876
0.0003167420814479638
0.00033936651583710406
0.0003808446455505279
0.00035444947209653093
0.0004072398190045249
0.0004147812971342383
0.00036576168929110107
0.0003582202111613876
0.0003280542986425339
0.00046757164404223226
0.0004487179487179487
0.0003770739064856712
0.00035444947209653093
0.0003996983408748115
0.0003846153846153846
0.0004110105580693816
0.00041855203619909503
0.0004751131221719457
0.00048265460030165913
0.00042986425339366517
0.000392156862745098
0.00036953242835595775
0.00045248868778280545
0.0003355957767722474
0.0003280542986425339
0.0003129713423831071
0.0002941176470588235
0.00026772247360482655
0.0002639517345399698
0.0
0.0006447963800904977
0.0005542986425339367
0.0005392156862745098
0.0004638009049773756
0.00038838612368024135
0.0003808446455505279
0.0003280542986425339
0.00036953242835595775
0.0004223227752639517
0.0003846153846153846
0.0003506787330316742
0.00027526395173453996
0.0003506787330316742
0.00030165912518853697
0.0002903469079939668
0.0003167420814479638
0.0003092006033182504
0.00029788838612368023
0.00033182503770739065
0.00026018099547511314
0.0003355957767722474
0.00029788838612368023
0.0003167420814479638
0.0003431372549019608
0.00032428355957767724
0.0003846153846153846
0.0003808446455505279
0.00040346907993966816
0.00036953242835595775
0.0003846153846153846
0.0003996983408748115
0.0004411764705882353
0.0004110105580693816
0.0003770739064856712
0.00042986425339366517
0.000471342383107089
0.00045248868778280545
0.00039592760180995475
0.00041855203619909503
0.00043363499245852185
0.00036576168929110107
0.0004487179487179487
0.00030165912518853697
0.00036953242835595775
0.0003469079939668175
0.0003996983408748115
0.00032428355957767724
0.0003280542986425339
0.0003355957767722474
0.0003205128205128205
0.00033936651583710406
0.00026018099547511314
0.0
0.0005995475113122171
0.000641025641025641
0.0006221719457013574
0.000471342383107089
0.0003846153846153846
0.0004072398190045249
0.0003996983408748115
0.0004223227752639517
0.00036576168929110107
0.00033182503770739065
0.00033182503770739065
0.0003582202111613876
0.00027526395173453996
0.0003733031674208145
0.00033936651583710406
0.0003469079939668175
0.0002639517345399698
0.00035444947209653093
0.0003280542986425339
0.00032428355957767724
0.0003506787330316742
0.0003355957767722474
0.0003167420814479638
0.00033182503770739065
0.0003846153846153846
0.00039592760180995475
0.00033936651583710406
0.00040346907993966816
0.00033936651583710406
0.0003996983408748115
0.0003205128205128205
0.00041855203619909503
0.0003733031674208145
0.0004110105580693816
0.00036576168929110107
0.00039592760180995475
0.0003846153846153846
0.00042609351432880844
0.00039592760180995475
0.0003733031674208145
0.0004374057315233786
0.0004147812971342383
0.0004223227752639517
0.0004751131221719457
0.00042986425339366517
0.000392156862745098
0.00040346907993966816
0.0003205128205128205
0.0003506787330316742
0.0003092006033182504
0.0002639517345399698
0.00029788838612368023
0.0
0.0006862745098039216
0.0006259426847662142
0.0005429864253393666
0.0004411764705882353
0.0004864253393665158
0.0004374057315233786
0.00043363499245852185
0.0004110105580693816
0.0003469079939668175
0.00033936651583710406
0.00030542986425339364
0.0003205128205128205
0.00035444947209653093
0.00030542986425339364
0.0003167420814479638
0.0003129713423831071
0.0003092006033182504
0.0003167420814479638
0.00030542986425339364
0.00033936651583710406
0.0003355957767722474
0.00032428355957767724
0.0003431372549019608
0.0003092006033182504
0.0003469079939668175
0.00030165912518853697
0.00036199095022624434
0.0003996983408748115
0.0003431372549019608
0.0003733031674208145
0.0003355957767722474
0.00036199095022624434
0.00039592760180995475
0.0004110105580693816
0.00041855203619909503
0.00041855203619909503
0.00043363499245852185
0.0004110105580693816
0.0004072398190045249
0.00046003016591251886
0.0003770739064856712
0.0004487179487179487
0.0003431372549019608
0.00036199095022624434
0.00038838612368024135
0.0003996983408748115
0.00029788838612368023
0.00035444947209653093
0.00032428355957767724
0.00026772247360482655
0.00030165912518853697
0.00027526395173453996
0.0
0.0007390648567119155
0.0005844645550527903
0.0005052790346907994
0.0004751131221719457
0.000471342383107089
0.0003431372549019608
0.00033936651583710406
0.0003469079939668175
0.0003092006033182504
0.0003205128205128205
0.0003167420814479638
0.0003506787330316742
0.00032428355957767724
0.00026018099547511314
0.0002941176470588235
0.0003129713423831071
0.0002828054298642534
0.0003469079939668175
0.0003129713423831071
0.00033936651583710406
0.0003355957767722474
0.00032428355957767724
0.0004110105580693816
0.0003167420814479638
0.0003092006033182504
0.0003205128205128205
0.0003506787330316742
0.0003469079939668175
0.00036576168929110107
0.0003808446455505279
0.00036576168929110107
0.00033182503770739065
0.0003582202111613876
0.0003996983408748115
0.00039592760180995475
0.00043363499245852185
0.0003770739064856712
0.0003582202111613876
0.00040346907993966816
0.0004072398190045249
0.00030542986425339364
0.0003280542986425339
0.0003506787330316742
0.0003808446455505279
0.00036576168929110107
0.00040346907993966816
0.0003770739064856712
0.0003129713423831071
0.00036199095022624434
0.0003092006033182504
0.00033182503770739065
0.00024509803921568627
0.0
0.0006862745098039216
0.0006975867269984917
0.0006259426847662142
0.0005090497737556561
0.00042986425339366517
0.00041855203619909503
0.00035444947209653093
0.0003280542986425339
0.0003506787330316742
0.0002903469079939668
0.0002941176470588235
0.0003167420814479638
0.0003431372549019608
0.0003431372549019608
0.00036199095022624434
0.0003506787330316742
0.0003770739064856712
0.0004110105580693816
0.0003129713423831071
0.00036199095022624434
0.0003205128205128205
0.0004374057315233786
0.00035444947209653093
0.0003733031674208145
0.0002828054298642534
0.0003582202111613876
0.0002941176470588235
0.0003129713423831071
0.0003205128205128205
0.0003770739064856712
0.0003129713423831071
0.000392156862745098
0.0004411764705882353
0.0003733031674208145
0.00036199095022624434
0.00046757164404223226
0.0004147812971342383
0.00041855203619909503
0.0004901960784313725
0.0003996983408748115
0.00035444947209653093
0.00039592760180995475
0.0003469079939668175
0.0003205128205128205
0.0003506787330316742
0.0003280542986425339
0.00038838612368024135
0.00029788838612368023
0.0003996983408748115
0.00033936651583710406
0.0002790346907993967
0.00023378582202111613
0.0
0.0007239819004524887
0.0006711915535444948
0.0007013574660633484
0.0005656108597285068
0.0005052790346907994
0.0002865761689291101
0.0003092006033182504
0.0002790346907993967
0.0002865761689291101
0.00036576168929110107
0.0003355957767722474
0.0003733031674208145
0.00035444947209653093
0.00029788838612368023
0.0003431372549019608
0.0003092006033182504
0.0003355957767722474
0.0003506787330316742
0.00029788838612368023
0.00036199095022624434
0.0003582202111613876
0.0003355957767722474
0.0003469079939668175
0.0003506787330316742
0.0003582202111613876
0.00036953242835595775
0.0003733031674208145
0.0003733031674208145
0.00029788838612368023
0.00035444947209653093
0.0003582202111613876
0.0003469079939668175
0.000392156862745098
0.00038838612368024135
0.0003996983408748115
0.0004223227752639517
0.0004562594268476621
0.0004411764705882353
0.0004751131221719457
0.0003469079939668175
0.000392156862745098
0.0004374057315233786
0.0003469079939668175
0.0003431372549019608
0.0003469079939668175
0.0004072398190045249
0.00036199095022624434
0.0002903469079939668
0.0003431372549019608
0.00036199095022624434
0.0003092006033182504
0.0002526395173453997
0.0
0.0007767722473604827
0.0006070889894419306
0.0005731523378582202
0.000471342383107089
0.00035444947209653093
0.0003808446455505279
0.00027526395173453996
0.0002639517345399698
0.00027526395173453996
0.0002865761689291101
0.0003205128205128205
0.00027526395173453996
0.00027526395173453996
0.0002865761689291101
0.00029788838612368023
0.00033936651583710406
0.00029788838612368023
0.0002790346907993967
0.00036576168929110107
0.00035444947209653093
0.00030542986425339364
0.00036953242835595775
0.0003996983408748115
0.000392156862745098
0.00033182503770739065
0.0003205128205128205
0.00036199095022624434
0.0003733031674208145
0.0004223227752639517
0.0003355957767722474
0.00030165912518853697
0.0003733031674208145
0.0004110105580693816
0.00043363499245852185
0.0004110105580693816
0.0004147812971342383
0.00042609351432880844
0.0004487179487179487
0.0003996983408748115
0.0004223227752639517
0.0005052790346907994
0.0004788838612368024
0.00036953242835595775
0.0003770739064856712
0.00036953242835595775
0.0003582202111613876
0.00033936651583710406
0.0003280542986425339
0.0002526395173453997
0.00035444947209653093
0.00030165912518853697
0.00021493212669683259
0.0
0.0007767722473604827
0.0006259426847662142
0.0005920060331825038
0.0002941176470588235
0.000392156862745098
0.0003431372549019608
0.0003355957767722474
0.0003205128205128205
0.00033936651583710406
0.00033936651583710406
0.0003469079939668175
0.0003205128205128205
0.0002903469079939668
0.0003469079939668175
0.0003431372549019608
0.0003431372549019608
0.00030542986425339364
0.0003205128205128205
0.0003167420814479638
0.0003770739064856712
0.000392156862745098
0.0003469079939668175
0.0003808446455505279
0.0003280542986425339
0.00036199095022624434
0.0004223227752639517
0.0002941176470588235
0.0003582202111613876
0.00039592760180995475
0.0003280542986425339
0.0004223227752639517
0.000444947209653092
0.0004751131221719457
0.00042986425339366517
0.0004147812971342383
0.0004223227752639517
0.0004939668174962292
0.000444947209653092
0.0005090497737556561
0.0004110105580693816
0.0004864253393665158
0.0004147812971342383
0.0003996983408748115
0.00039592760180995475
0.0003996983408748115
0.0004110105580693816
0.0002865761689291101
0.00033182503770739065
0.0003167420814479638
0.00026772247360482655
0.00021493212669683259
0.0002639517345399698
0.0
0.0007277526395173454
0.000746606334841629
0.0003469079939668175
0.00033182503770739065
0.00036576168929110107
0.0003167420814479638
0.0003280542986425339
0.0003582202111613876
0.0003280542986425339
0.00035444947209653093
0.0003092006033182504
0.0003808446455505279
0.0002714932126696833
0.0003770739064856712
0.00026018099547511314
0.0002865761689291101
0.0003770739064856712
0.00041855203619909503
0.0003733031674208145
0.0003469079939668175
0.0002865761689291101
0.0003205128205128205
0.0003205128205128205
0.0004110105580693816
0.0003280542986425339
0.0004072398190045249
0.00033936651583710406
0.0003280542986425339
0.0004374057315233786
0.0003996983408748115
0.0004072398190045249
0.0003846153846153846
0.0004901960784313725
0.0005165912518853695
0.0005203619909502263
0.00048265460030165913
0.000444947209653092
0.00046757164404223226
0.0005354449472096531
0.000471342383107089
0.0005354449472096531
0.00042986425339366517
0.000392156862745098
0.0004223227752639517
0.0003733031674208145
0.0003167420814479638
0.0003129713423831071
0.0002941176470588235
0.0002941176470588235
0.00026018099547511314
0.0002526395173453997
0.00024509803921568627
0.0
0.0006862745098039216
0.0003846153846153846
0.00033936651583710406
0.0003431372549019608
0.0003469079939668175
0.0003733031674208145
0.0002903469079939668
0.0003733031674208145
0.00036953242835595775
0.0003469079939668175
0.0003129713423831071
0.00033182503770739065
0.0003506787330316742
0.0003469079939668175
0.0003431372549019608
0.00033936651583710406
0.00029788838612368023
0.00030542986425339364
0.00036576168929110107
0.0003506787330316742
0.0003996983408748115
0.00036576168929110107
0.00039592760180995475
0.0003846153846153846
0.00038838612368024135
0.0003582202111613876
0.0004411764705882353
0.00036199095022624434
0.00042609351432880844
0.00042609351432880844
0.00045248868778280545
0.0004374057315233786
0.0005505279034690799
0.0004411764705882353
0.0005354449472096531
0.0005165912518853695
0.0005693815987933635
0.000588235294117647
0.00041855203619909503
0.0005354449472096531
0.00042986425339366517
0.0004223227752639517
0.00045248868778280545
0.0004072398190045249
0.00036953242835595775
0.0003280542986425339
0.000222473604826546
0.0003205128205128205
0.0002714932126696833
0.00023001508295625943
0.00023001508295625943
0.00029788838612368023
0.0
